2017-12-16_21-10-13 100.0 0.0 515880
2017-12-16_21-10-14 93.3 0.0 515880
2017-12-16_21-10-15 100.0 0.0 515880
2017-12-16_21-10-16 93.3 0.0 515880
2017-12-16_21-10-18 100.0 0.0 515880
2017-12-16_21-10-19 100.0 0.1 515880
2017-12-16_21-10-20 100.0 0.1 515880
2017-12-16_21-10-21 100.0 0.2 515880
2017-12-16_21-10-22 100.0 0.2 515880
2017-12-16_21-10-23 1087 0.4 515880
2017-12-16_21-10-25 966.7 0.5 515880
2017-12-16_21-10-26 93.3 0.6 515880
2017-12-16_21-10-27 3967 0.7 515880
2017-12-16_21-10-28 2520 0.7 515880
2017-12-16_21-10-29 200.0 0.7 515880
2017-12-16_21-10-31 3393 0.7 515880
2017-12-16_21-10-32 3027 0.7 515880
2017-12-16_21-10-33 3620 0.7 515880
2017-12-16_21-10-34 3760 0.8 515880
2017-12-16_21-10-35 3800 0.8 515880
2017-12-16_21-10-37 3880 0.8 515880
2017-12-16_21-10-38 3813 0.8 515880
2017-12-16_21-10-39 3213 0.8 515880
2017-12-16_21-10-40 3393 0.8 515880
2017-12-16_21-10-41 3100 0.8 515880
2017-12-16_21-10-43 3273 0.8 515880
2017-12-16_21-10-44 3927 0.8 515880
2017-12-16_21-10-45 3740 0.8 515880
2017-12-16_21-10-46 3713 0.8 515880
2017-12-16_21-10-48 100.0 0.8 515880
2017-12-16_21-10-49 3547 0.9 515880
2017-12-16_21-10-50 337.5 0.9 515880
2017-12-16_21-10-51 3788 0.9 515880
2017-12-16_21-10-52 1600 0.9 515880
2017-12-16_21-10-54 3700 0.9 515880
2017-12-16_21-10-55 1560 0.9 515880
2017-12-16_21-10-56 4227 0.9 515880
2017-12-16_21-10-57 3520 0.9 515880
2017-12-16_21-10-58 3280 0.9 515880
2017-12-16_21-11-00 2127 0.9 515880
2017-12-16_21-11-01 2680 0.9 515880
2017-12-16_21-11-02 2960 0.9 515880
2017-12-16_21-11-03 3627 0.9 515880
2017-12-16_21-11-04 3927 0.9 515880
2017-12-16_21-11-06 3687 0.9 515880
2017-12-16_21-11-07 3300 0.9 515880
2017-12-16_21-11-08 3625 0.9 515880
2017-12-16_21-11-09 3000 0.9 515880
2017-12-16_21-11-11 2888 0.9 515880
2017-12-16_21-11-12 3220 0.9 515880
2017-12-16_21-11-13 3793 0.9 515880
2017-12-16_21-11-14 3253 0.9 515880
2017-12-16_21-11-15 3547 0.9 515880
2017-12-16_21-11-17 373.3 0.9 515880
2017-12-16_21-11-18 2773 0.9 515880
2017-12-16_21-11-19 3047 0.9 515880
2017-12-16_21-11-20 2093 0.9 515880
2017-12-16_21-11-21 3633 0.9 515880
2017-12-16_21-11-23 3367 0.9 515880
2017-12-16_21-11-24 3127 0.9 515880
2017-12-16_21-11-25 2347 0.9 515880
2017-12-16_21-11-26 100.0 0.9 515880
2017-12-16_21-11-27 2793 0.9 515880
2017-12-16_21-11-29 3227 0.9 515880
2017-12-16_21-11-30 3369 0.9 515880
2017-12-16_21-11-31 2744 0.9 515880
2017-12-16_21-11-32 3733 0.9 515880
2017-12-16_21-11-34 3787 0.9 515880
2017-12-16_21-11-35 3727 0.9 515880
2017-12-16_21-11-36 633.3 0.9 515880
2017-12-16_21-11-37 4053 0.9 515880
2017-12-16_21-11-38 2840 0.9 515880
2017-12-16_21-11-40 3847 0.9 515880
2017-12-16_21-11-41 3607 0.9 515880
2017-12-16_21-11-42 3340 0.9 515880
2017-12-16_21-11-43 2233 0.9 515880
2017-12-16_21-11-44 3487 0.9 515880
2017-12-16_21-11-46 2827 0.9 515880
2017-12-16_21-11-47 3081 0.9 515880
2017-12-16_21-11-48 3807 0.9 515880
2017-12-16_21-11-49 2140 0.9 515880
2017-12-16_21-11-50 1673 0.9 515880
2017-12-16_21-11-52 3980 0.9 515880
2017-12-16_21-11-53 3867 0.9 515880
2017-12-16_21-11-54 3553 0.9 515880
2017-12-16_21-11-55 3760 0.9 515880
2017-12-16_21-11-56 1987 0.9 515880
2017-12-16_21-11-58 3407 0.9 515880
2017-12-16_21-11-59 3733 0.9 515880
2017-12-16_21-12-00 866.7 0.9 515880
2017-12-16_21-12-01 2067 0.9 515880
2017-12-16_21-12-03 3147 0.9 515880
2017-12-16_21-12-04 3380 0.9 515880
2017-12-16_21-12-05 3820 0.9 515880
2017-12-16_21-12-06 3673 0.9 515880
2017-12-16_21-12-07 3347 0.9 515880
2017-12-16_21-12-09 2431 0.9 515880
2017-12-16_21-12-10 2260 0.9 515880
2017-12-16_21-12-11 2113 0.9 515880
2017-12-16_21-12-12 3067 0.9 515880
2017-12-16_21-12-13 3727 0.9 515880
2017-12-16_21-12-15 3431 0.9 515880
2017-12-16_21-12-16 2987 0.9 515880
2017-12-16_21-12-17 106.2 0.8 515880
2017-12-16_21-12-18 100.0 0.0 515880
