2018-01-12_18-05-07 246.7 0.0 515882
2018-01-12_18-05-08 56.2 0.0 515882
2018-01-12_18-05-09 100.0 0.0 515882
2018-01-12_18-05-10 100.0 0.0 515882
2018-01-12_18-05-11 100.0 0.0 515882
2018-01-12_18-05-13 100.0 0.0 515882
2018-01-12_18-05-14 100.0 0.1 515882
2018-01-12_18-05-15 100.0 0.1 515882
2018-01-12_18-05-16 100.0 0.1 515882
2018-01-12_18-05-17 100.0 0.1 515882
2018-01-12_18-05-18 93.3 0.1 515882
2018-01-12_18-05-20 93.3 0.1 515882
2018-01-12_18-05-21 100.0 0.1 515882
2018-01-12_18-05-22 100.0 0.1 515882
2018-01-12_18-05-23 100.0 0.1 515882
2018-01-12_18-05-24 100.0 0.1 515882
2018-01-12_18-05-25 100.0 0.1 515882
2018-01-12_18-05-27 93.3 0.1 515882
2018-01-12_18-05-28 93.3 0.1 515882
2018-01-12_18-05-29 100.0 0.1 515882
2018-01-12_18-05-30 100.0 0.1 515882
2018-01-12_18-05-31 100.0 0.1 515882
2018-01-12_18-05-32 100.0 0.1 515882
2018-01-12_18-05-34 100.0 0.1 515882
2018-01-12_18-05-35 100.0 0.1 515882
2018-01-12_18-05-36 100.0 0.2 515882
2018-01-12_18-05-37 93.8 0.2 515882
2018-01-12_18-05-38 100.0 0.2 515882
2018-01-12_18-05-39 100.0 0.2 515882
2018-01-12_18-05-41 100.0 0.2 515882
2018-01-12_18-05-42 100.0 0.2 515882
2018-01-12_18-05-43 93.3 0.2 515882
2018-01-12_18-05-44 100.0 0.2 515882
2018-01-12_18-05-45 100.0 0.2 515882
2018-01-12_18-05-46 93.8 0.2 515882
2018-01-12_18-05-48 100.0 0.2 515882
2018-01-12_18-05-49 100.0 0.2 515882
2018-01-12_18-05-50 100.0 0.2 515882
2018-01-12_18-05-51 100.0 0.2 515882
2018-01-12_18-05-52 100.0 0.2 515882
2018-01-12_18-05-53 100.0 0.2 515882
2018-01-12_18-05-55 100.0 0.2 515882
2018-01-12_18-05-56 100.0 0.2 515882
2018-01-12_18-05-57 100.0 0.2 515882
2018-01-12_18-05-58 100.0 0.3 515882
2018-01-12_18-05-59 93.3 0.3 515882
2018-01-12_18-06-00 100.0 0.3 515882
2018-01-12_18-06-02 100.0 0.3 515882
2018-01-12_18-06-03 100.0 0.3 515882
2018-01-12_18-06-04 100.0 0.3 515882
2018-01-12_18-06-05 100.0 0.3 515882
2018-01-12_18-06-06 100.0 0.3 515882
2018-01-12_18-06-07 93.3 0.3 515882
2018-01-12_18-06-09 93.3 0.3 515882
2018-01-12_18-06-10 100.0 0.3 515882
2018-01-12_18-06-11 100.0 0.3 515882
2018-01-12_18-06-12 100.0 0.3 515882
2018-01-12_18-06-13 100.0 0.3 515882
2018-01-12_18-06-14 100.0 0.3 515882
2018-01-12_18-06-16 100.0 0.3 515882
2018-01-12_18-06-17 100.0 0.3 515882
2018-01-12_18-06-18 100.0 0.3 515882
2018-01-12_18-06-19 100.0 0.3 515882
2018-01-12_18-06-20 100.0 0.3 515882
2018-01-12_18-06-22 100.0 0.4 515882
2018-01-12_18-06-23 100.0 0.4 515882
2018-01-12_18-06-24 100.0 0.4 515882
2018-01-12_18-06-25 93.8 0.4 515882
2018-01-12_18-06-26 93.3 0.4 515882
2018-01-12_18-06-27 100.0 0.4 515882
2018-01-12_18-06-29 100.0 0.4 515882
2018-01-12_18-06-30 93.3 0.4 515882
2018-01-12_18-06-31 100.0 0.4 515882
2018-01-12_18-06-32 100.0 0.4 515882
2018-01-12_18-06-33 100.0 0.4 515882
2018-01-12_18-06-34 93.8 0.4 515882
2018-01-12_18-06-36 100.0 0.4 515882
2018-01-12_18-06-37 100.0 0.4 515882
2018-01-12_18-06-38 100.0 0.4 515882
2018-01-12_18-06-39 100.0 0.5 515882
2018-01-12_18-06-40 100.0 0.5 515882
2018-01-12_18-06-41 100.0 0.5 515882
2018-01-12_18-06-43 93.8 0.6 515882
2018-01-12_18-06-44 100.0 0.6 515882
2018-01-12_18-06-45 100.0 0.6 515882
2018-01-12_18-06-46 93.3 0.6 515882
2018-01-12_18-06-47 100.0 0.7 515882
2018-01-12_18-06-48 100.0 0.7 515882
2018-01-12_18-06-50 100.0 0.6 515882
2018-01-12_18-06-51 80.0 0.7 515882
2018-01-12_18-06-52 93.8 0.9 515882
2018-01-12_18-06-53 100.0 0.9 515882
2018-01-12_18-06-54 100.0 0.9 515882
2018-01-12_18-06-55 100.0 0.9 515882
2018-01-12_18-06-57 100.0 0.9 515882
2018-01-12_18-06-58 106.7 0.9 515882
2018-01-12_18-06-59 100.0 0.9 515882
2018-01-12_18-07-00 100.0 0.9 515882
2018-01-12_18-07-01 106.7 1.0 515882
2018-01-12_18-07-02 100.0 1.1 515882
2018-01-12_18-07-04 106.7 1.2 515882
2018-01-12_18-07-05 106.7 1.1 515882
2018-01-12_18-07-06 106.7 1.1 515882
2018-01-12_18-07-07 100.0 1.1 515882
2018-01-12_18-07-08 53.3 1.1 515882
2018-01-12_18-07-09 106.7 1.2 515882
2018-01-12_18-07-11 100.0 1.2 515882
2018-01-12_18-07-12 106.7 1.2 515882
2018-01-12_18-07-13 106.7 1.2 515882
2018-01-12_18-07-14 106.7 1.2 515882
2018-01-12_18-07-15 106.7 1.2 515882
2018-01-12_18-07-16 106.7 1.2 515882
2018-01-12_18-07-18 106.7 1.2 515882
2018-01-12_18-07-19 100.0 1.2 515882
2018-01-12_18-07-20 100.0 1.2 515882
2018-01-12_18-07-21 106.7 1.2 515882
2018-01-12_18-07-22 100.0 1.2 515882
2018-01-12_18-07-24 140.0 1.2 515882
2018-01-12_18-07-25 156.2 1.3 515882
2018-01-12_18-07-26 100.0 1.7 515882
2018-01-12_18-07-27 3180 1.8 515882
2018-01-12_18-07-28 106.7 1.9 515882
2018-01-12_18-07-29 106.7 1.9 515882
2018-01-12_18-07-31 106.7 1.9 515882
2018-01-12_18-07-32 113.3 1.9 515882
2018-01-12_18-07-33 100.0 1.9 515882
2018-01-12_18-07-34 106.7 1.9 515882
2018-01-12_18-07-35 93.8 1.9 515882
2018-01-12_18-07-36 100.0 1.9 515882
2018-01-12_18-07-38 100.0 1.9 515882
2018-01-12_18-07-39 106.7 1.8 515882
2018-01-12_18-07-40 426.7 1.9 515882
2018-01-12_18-07-41 100.0 1.9 515882
2018-01-12_18-07-42 106.7 1.9 515882
2018-01-12_18-07-43 100.0 1.9 515882
2018-01-12_18-07-45 106.7 1.9 515882
2018-01-12_18-07-46 100.0 1.9 515882
2018-01-12_18-07-47 93.3 1.9 515882
2018-01-12_18-07-48 106.7 1.9 515882
2018-01-12_18-07-49 100.0 1.9 515882
2018-01-12_18-07-50 106.7 1.9 515882
2018-01-12_18-07-52 106.7 1.9 515882
2018-01-12_18-07-53 100.0 1.9 515882
2018-01-12_18-07-54 5347 1.9 515882
2018-01-12_18-07-55 206.7 2.1 515882
2018-01-12_18-07-56 280.0 2.1 515882
2018-01-12_18-07-58 5167 2.1 515882
2018-01-12_18-07-59 5393 2.1 515882
2018-01-12_18-08-00 2160 2.1 515882
2018-01-12_18-08-01 4150 2.1 515882
2018-01-12_18-08-02 5340 2.2 515882
2018-01-12_18-08-04 5467 2.2 515882
2018-01-12_18-08-05 5020 2.2 515882
2018-01-12_18-08-06 5420 2.2 515882
2018-01-12_18-08-07 5267 2.2 515882
2018-01-12_18-08-08 2167 2.2 515882
2018-01-12_18-08-10 5407 2.2 515882
2018-01-12_18-08-11 5347 2.2 515882
2018-01-12_18-08-12 5207 2.2 515882
2018-01-12_18-08-13 5175 2.2 515882
2018-01-12_18-08-14 5062 2.2 515882
2018-01-12_18-08-16 3493 2.2 515882
2018-01-12_18-08-17 5380 2.2 515882
2018-01-12_18-08-18 5012 2.2 515882
2018-01-12_18-08-19 4260 2.2 515882
2018-01-12_18-08-20 5333 2.2 515882
2018-01-12_18-08-22 5360 2.2 515882
2018-01-12_18-08-23 2773 2.2 515882
2018-01-12_18-08-24 5300 2.2 515882
2018-01-12_18-08-25 5200 2.2 515882
2018-01-12_18-08-26 1807 2.2 515882
2018-01-12_18-08-28 5413 2.2 515882
2018-01-12_18-08-29 5094 2.2 515882
2018-01-12_18-08-30 2033 2.2 515882
2018-01-12_18-08-31 5062 2.2 515882
2018-01-12_18-08-33 5427 2.2 515882
2018-01-12_18-08-34 1567 2.2 515882
2018-01-12_18-08-35 5320 2.2 515882
2018-01-12_18-08-36 5367 2.2 515882
2018-01-12_18-08-37 933.3 2.2 515882
2018-01-12_18-08-38 5373 2.2 515882
2018-01-12_18-08-40 5407 2.2 515882
2018-01-12_18-08-41 3513 2.2 515882
2018-01-12_18-08-42 5320 2.2 515882
2018-01-12_18-08-43 5360 2.2 515882
2018-01-12_18-08-44 2847 2.2 515882
2018-01-12_18-08-46 5413 2.2 515882
2018-01-12_18-08-47 5447 2.2 515882
2018-01-12_18-08-48 3880 2.2 515882
2018-01-12_18-08-49 5000 2.2 515882
2018-01-12_18-08-50 5353 2.2 515882
2018-01-12_18-08-52 5327 2.2 515882
2018-01-12_18-08-53 3567 2.2 515882
2018-01-12_18-08-54 5400 2.2 515882
2018-01-12_18-08-55 2967 2.2 515882
2018-01-12_18-08-57 5293 2.2 515882
2018-01-12_18-08-58 5380 2.2 515882
2018-01-12_18-08-59 1100 2.2 515882
2018-01-12_18-09-00 5213 2.2 515882
2018-01-12_18-09-01 5373 2.2 515882
2018-01-12_18-09-03 3540 2.2 515882
2018-01-12_18-09-04 5313 2.2 515882
2018-01-12_18-09-05 5260 2.2 515882
2018-01-12_18-09-06 3431 2.2 515882
2018-01-12_18-09-07 5253 2.2 515882
2018-01-12_18-09-09 5487 2.2 515882
2018-01-12_18-09-10 1800 2.2 515882
2018-01-12_18-09-11 5347 2.2 515882
2018-01-12_18-09-12 4994 2.2 515882
2018-01-12_18-09-13 2653 2.2 515882
2018-01-12_18-09-15 5333 2.2 515882
2018-01-12_18-09-16 5333 2.2 515882
2018-01-12_18-09-17 3327 2.2 515882
2018-01-12_18-09-18 5440 2.2 515882
2018-01-12_18-09-19 5093 2.2 515882
2018-01-12_18-09-21 3020 2.2 515882
2018-01-12_18-09-22 5360 2.2 515882
2018-01-12_18-09-23 5287 2.2 515882
2018-01-12_18-09-24 1927 2.2 515882
2018-01-12_18-09-25 4994 2.2 515882
2018-01-12_18-09-27 5347 2.3 515882
2018-01-12_18-09-28 1920 2.3 515882
2018-01-12_18-09-29 5440 2.3 515882
2018-01-12_18-09-30 5347 2.3 515882
2018-01-12_18-09-31 1573 2.3 515882
2018-01-12_18-09-33 5300 2.3 515882
2018-01-12_18-09-34 5253 2.3 515882
2018-01-12_18-09-35 2587 2.3 515882
2018-01-12_18-09-36 100.0 2.3 515882
2018-01-12_18-09-37 106.7 2.3 515882
2018-01-12_18-09-39 106.7 2.2 515882
2018-01-12_18-09-40 100.0 2.2 515882
2018-01-12_18-09-41 100.0 2.2 515882
2018-01-12_18-09-42 93.8 2.1 515882
2018-01-12_18-09-43 100.0 2.1 515882
2018-01-12_18-09-44 100.0 2.0 515882
2018-01-12_18-09-46 100.0 1.9 515882
