2018-01-12_18-02-43 120.0 0.0 515882
2018-01-12_18-02-44 56.2 0.0 515882
2018-01-12_18-02-45 100.0 0.0 515882
2018-01-12_18-02-46 93.3 0.0 515882
2018-01-12_18-02-47 93.3 0.0 515882
2018-01-12_18-02-49 100.0 0.0 515882
2018-01-12_18-02-50 100.0 0.1 515882
2018-01-12_18-02-51 100.0 0.1 515882
2018-01-12_18-02-52 100.0 0.1 515882
2018-01-12_18-02-53 100.0 0.1 515882
2018-01-12_18-02-54 100.0 0.1 515882
2018-01-12_18-02-56 100.0 0.1 515882
2018-01-12_18-02-57 100.0 0.1 515882
2018-01-12_18-02-58 100.0 0.1 515882
2018-01-12_18-02-59 100.0 0.1 515882
2018-01-12_18-03-00 100.0 0.1 515882
2018-01-12_18-03-02 100.0 0.1 515882
2018-01-12_18-03-03 100.0 0.1 515882
2018-01-12_18-03-04 100.0 0.1 515882
2018-01-12_18-03-05 100.0 0.1 515882
2018-01-12_18-03-06 100.0 0.1 515882
2018-01-12_18-03-07 100.0 0.1 515882
2018-01-12_18-03-09 100.0 0.1 515882
2018-01-12_18-03-10 100.0 0.1 515882
2018-01-12_18-03-11 100.0 0.2 515882
2018-01-12_18-03-12 100.0 0.2 515882
2018-01-12_18-03-13 100.0 0.2 515882
2018-01-12_18-03-14 100.0 0.2 515882
2018-01-12_18-03-16 100.0 0.2 515882
2018-01-12_18-03-17 100.0 0.2 515882
2018-01-12_18-03-18 100.0 0.2 515882
2018-01-12_18-03-19 100.0 0.2 515882
2018-01-12_18-03-20 100.0 0.2 515882
2018-01-12_18-03-21 100.0 0.2 515882
2018-01-12_18-03-23 93.3 0.2 515882
2018-01-12_18-03-24 100.0 0.2 515882
2018-01-12_18-03-25 93.3 0.2 515882
2018-01-12_18-03-26 100.0 0.2 515882
2018-01-12_18-03-27 100.0 0.3 515882
2018-01-12_18-03-28 93.8 0.3 515882
2018-01-12_18-03-30 100.0 0.3 515882
2018-01-12_18-03-31 93.3 0.4 515882
2018-01-12_18-03-32 93.3 0.3 515882
2018-01-12_18-03-33 106.7 0.5 515882
2018-01-12_18-03-34 113.3 0.5 515882
2018-01-12_18-03-35 100.0 0.5 515882
2018-01-12_18-03-37 100.0 0.5 515882
2018-01-12_18-03-38 106.7 0.6 515882
2018-01-12_18-03-39 106.7 0.6 515882
2018-01-12_18-03-40 46.7 0.6 515882
2018-01-12_18-03-41 93.8 0.6 515882
2018-01-12_18-03-42 106.7 0.6 515882
2018-01-12_18-03-44 106.7 0.6 515882
2018-01-12_18-03-45 100.0 0.6 515882
2018-01-12_18-03-46 106.7 0.6 515882
2018-01-12_18-03-47 100.0 0.6 515882
2018-01-12_18-03-48 153.3 0.7 515882
2018-01-12_18-03-49 433.3 1.0 515882
2018-01-12_18-03-51 100.0 1.1 515882
2018-01-12_18-03-52 106.7 1.1 515882
2018-01-12_18-03-53 100.0 1.1 515882
2018-01-12_18-03-54 100.0 1.1 515882
2018-01-12_18-03-55 100.0 1.1 515882
2018-01-12_18-03-57 93.3 1.1 515882
2018-01-12_18-03-58 93.8 1.1 515882
2018-01-12_18-03-59 106.7 1.1 515882
2018-01-12_18-04-00 100.0 1.1 515882
2018-01-12_18-04-01 326.7 1.1 515882
2018-01-12_18-04-02 86.7 1.2 515882
2018-01-12_18-04-04 166.7 1.2 515882
2018-01-12_18-04-05 106.7 1.4 515882
2018-01-12_18-04-06 3687 1.5 515882
2018-01-12_18-04-07 5047 1.5 515882
2018-01-12_18-04-08 4400 1.5 515882
2018-01-12_18-04-10 3131 1.5 515882
2018-01-12_18-04-11 5400 1.5 515882
2018-01-12_18-04-12 4356 1.5 515882
2018-01-12_18-04-13 4307 1.5 515882
2018-01-12_18-04-14 5387 1.5 515882
2018-01-12_18-04-16 3107 1.5 515882
2018-01-12_18-04-17 5293 1.5 515882
2018-01-12_18-04-18 2907 1.5 515882
2018-01-12_18-04-19 3444 1.5 515882
2018-01-12_18-04-20 4756 1.5 515882
2018-01-12_18-04-22 4988 1.5 515882
2018-01-12_18-04-23 4700 1.5 515882
2018-01-12_18-04-24 1100 1.5 515882
2018-01-12_18-04-25 5393 1.5 515882
2018-01-12_18-04-26 4838 1.5 515882
2018-01-12_18-04-28 5053 1.5 515882
2018-01-12_18-04-29 4967 1.5 515882
2018-01-12_18-04-30 4607 1.5 515882
2018-01-12_18-04-31 3553 1.5 515882
2018-01-12_18-04-32 5213 1.5 515882
2018-01-12_18-04-34 2980 1.5 515882
2018-01-12_18-04-35 5460 1.5 515882
2018-01-12_18-04-36 2480 1.5 515882
2018-01-12_18-04-37 5260 1.5 515882
2018-01-12_18-04-38 2720 1.5 515882
2018-01-12_18-04-40 5280 1.5 515882
2018-01-12_18-04-41 5273 1.5 515882
2018-01-12_18-04-42 4994 1.5 515882
2018-01-12_18-04-43 446.7 1.5 515882
2018-01-12_18-04-44 5133 1.5 515882
2018-01-12_18-04-46 5293 1.5 515882
2018-01-12_18-04-47 4987 1.5 515882
2018-01-12_18-04-48 4527 1.5 515882
2018-01-12_18-04-49 5093 1.5 515882
2018-01-12_18-04-50 5300 1.5 515882
2018-01-12_18-04-52 1627 1.6 515882
2018-01-12_18-04-53 5300 1.6 515882
2018-01-12_18-04-54 3120 1.6 515882
2018-01-12_18-04-55 2307 1.6 515882
2018-01-12_18-04-56 5340 1.6 515882
2018-01-12_18-04-58 5153 1.6 515882
2018-01-12_18-04-59 100.0 1.6 515882
2018-01-12_18-05-00 100.0 1.6 515882
2018-01-12_18-05-01 100.0 1.5 515882
2018-01-12_18-05-02 106.7 1.5 515882
2018-01-12_18-05-04 93.3 1.5 515882
2018-01-12_18-05-05 87.5 0.0 515882
