2018-01-12_18-09-49 233.3 0.0 515882
2018-01-12_18-09-50 53.3 0.0 515882
2018-01-12_18-09-51 100.0 0.0 515882
2018-01-12_18-09-53 100.0 0.0 515882
2018-01-12_18-09-54 100.0 0.0 515882
2018-01-12_18-09-55 100.0 0.0 515882
2018-01-12_18-09-56 100.0 0.1 515882
2018-01-12_18-09-57 100.0 0.1 515882
2018-01-12_18-09-58 100.0 0.1 515882
2018-01-12_18-10-00 93.3 0.1 515882
2018-01-12_18-10-01 100.0 0.1 515882
2018-01-12_18-10-02 93.3 0.1 515882
2018-01-12_18-10-03 100.0 0.1 515882
2018-01-12_18-10-04 100.0 0.1 515882
2018-01-12_18-10-05 100.0 0.1 515882
2018-01-12_18-10-07 100.0 0.1 515882
2018-01-12_18-10-08 100.0 0.1 515882
2018-01-12_18-10-09 100.0 0.1 515882
2018-01-12_18-10-10 100.0 0.1 515882
2018-01-12_18-10-11 93.3 0.1 515882
2018-01-12_18-10-12 100.0 0.1 515882
2018-01-12_18-10-14 100.0 0.1 515882
2018-01-12_18-10-15 100.0 0.1 515882
2018-01-12_18-10-16 100.0 0.1 515882
2018-01-12_18-10-17 93.3 0.2 515882
2018-01-12_18-10-18 100.0 0.2 515882
2018-01-12_18-10-19 100.0 0.2 515882
2018-01-12_18-10-21 100.0 0.2 515882
2018-01-12_18-10-22 93.3 0.2 515882
2018-01-12_18-10-23 100.0 0.2 515882
2018-01-12_18-10-24 100.0 0.2 515882
2018-01-12_18-10-25 93.3 0.2 515882
2018-01-12_18-10-26 100.0 0.2 515882
2018-01-12_18-10-28 100.0 0.2 515882
2018-01-12_18-10-29 93.3 0.2 515882
2018-01-12_18-10-30 100.0 0.2 515882
2018-01-12_18-10-31 100.0 0.2 515882
2018-01-12_18-10-32 93.3 0.2 515882
2018-01-12_18-10-33 93.8 0.2 515882
2018-01-12_18-10-35 100.0 0.2 515882
2018-01-12_18-10-36 100.0 0.2 515882
2018-01-12_18-10-37 100.0 0.3 515882
2018-01-12_18-10-38 100.0 0.3 515882
2018-01-12_18-10-39 100.0 0.3 515882
2018-01-12_18-10-40 100.0 0.3 515882
2018-01-12_18-10-42 93.3 0.3 515882
2018-01-12_18-10-43 100.0 0.3 515882
2018-01-12_18-10-44 100.0 0.3 515882
2018-01-12_18-10-45 100.0 0.3 515882
2018-01-12_18-10-46 100.0 0.3 515882
2018-01-12_18-10-47 100.0 0.3 515882
2018-01-12_18-10-49 100.0 0.3 515882
2018-01-12_18-10-50 100.0 0.3 515882
2018-01-12_18-10-51 100.0 0.3 515882
2018-01-12_18-10-52 100.0 0.3 515882
2018-01-12_18-10-53 100.0 0.3 515882
2018-01-12_18-10-55 100.0 0.3 515882
2018-01-12_18-10-56 100.0 0.3 515882
2018-01-12_18-10-57 93.3 0.3 515882
2018-01-12_18-10-58 93.3 0.3 515882
2018-01-12_18-10-59 100.0 0.4 515882
2018-01-12_18-11-00 100.0 0.4 515882
2018-01-12_18-11-02 100.0 0.4 515882
2018-01-12_18-11-03 100.0 0.4 515882
2018-01-12_18-11-04 93.8 0.4 515882
2018-01-12_18-11-05 100.0 0.4 515882
2018-01-12_18-11-06 100.0 0.4 515882
2018-01-12_18-11-07 100.0 0.4 515882
2018-01-12_18-11-09 100.0 0.4 515882
2018-01-12_18-11-10 100.0 0.4 515882
2018-01-12_18-11-11 93.3 0.4 515882
2018-01-12_18-11-12 93.3 0.4 515882
2018-01-12_18-11-13 93.3 0.4 515882
2018-01-12_18-11-14 93.3 0.4 515882
2018-01-12_18-11-16 100.0 0.4 515882
2018-01-12_18-11-17 100.0 0.4 515882
2018-01-12_18-11-18 100.0 0.4 515882
2018-01-12_18-11-19 100.0 0.5 515882
2018-01-12_18-11-20 100.0 0.5 515882
2018-01-12_18-11-21 100.0 0.5 515882
2018-01-12_18-11-23 100.0 0.5 515882
2018-01-12_18-11-24 100.0 0.5 515882
2018-01-12_18-11-25 100.0 0.5 515882
2018-01-12_18-11-26 93.3 0.5 515882
2018-01-12_18-11-27 100.0 0.5 515882
2018-01-12_18-11-28 100.0 0.5 515882
2018-01-12_18-11-30 100.0 0.5 515882
2018-01-12_18-11-31 93.8 0.5 515882
2018-01-12_18-11-32 100.0 0.5 515882
2018-01-12_18-11-33 100.0 0.5 515882
2018-01-12_18-11-34 100.0 0.5 515882
2018-01-12_18-11-35 100.0 0.5 515882
2018-01-12_18-11-37 100.0 0.5 515882
2018-01-12_18-11-38 93.3 0.5 515882
2018-01-12_18-11-39 100.0 0.5 515882
2018-01-12_18-11-40 100.0 0.6 515882
2018-01-12_18-11-41 100.0 0.6 515882
2018-01-12_18-11-42 100.0 0.6 515882
2018-01-12_18-11-44 93.3 0.6 515882
2018-01-12_18-11-45 100.0 0.6 515882
2018-01-12_18-11-46 100.0 0.6 515882
2018-01-12_18-11-47 100.0 0.6 515882
2018-01-12_18-11-48 100.0 0.6 515882
2018-01-12_18-11-49 100.0 0.6 515882
2018-01-12_18-11-51 100.0 0.6 515882
2018-01-12_18-11-52 100.0 0.6 515882
2018-01-12_18-11-53 100.0 0.6 515882
2018-01-12_18-11-54 100.0 0.6 515882
2018-01-12_18-11-55 100.0 0.6 515882
2018-01-12_18-11-56 100.0 0.6 515882
2018-01-12_18-11-58 100.0 0.6 515882
2018-01-12_18-11-59 100.0 0.6 515882
2018-01-12_18-12-00 100.0 0.6 515882
2018-01-12_18-12-01 100.0 0.6 515882
2018-01-12_18-12-02 100.0 0.7 515882
2018-01-12_18-12-03 100.0 0.7 515882
2018-01-12_18-12-05 100.0 0.7 515882
2018-01-12_18-12-06 100.0 0.7 515882
2018-01-12_18-12-07 100.0 0.7 515882
2018-01-12_18-12-08 100.0 0.7 515882
2018-01-12_18-12-09 100.0 0.7 515882
2018-01-12_18-12-10 100.0 0.7 515882
2018-01-12_18-12-12 100.0 0.7 515882
2018-01-12_18-12-13 100.0 0.7 515882
2018-01-12_18-12-14 100.0 0.7 515882
2018-01-12_18-12-15 100.0 0.7 515882
2018-01-12_18-12-16 100.0 0.7 515882
2018-01-12_18-12-17 100.0 0.7 515882
2018-01-12_18-12-19 100.0 0.7 515882
2018-01-12_18-12-20 100.0 0.7 515882
2018-01-12_18-12-21 100.0 0.7 515882
2018-01-12_18-12-22 100.0 0.7 515882
2018-01-12_18-12-23 93.3 0.8 515882
2018-01-12_18-12-24 93.3 0.8 515882
2018-01-12_18-12-26 100.0 0.8 515882
2018-01-12_18-12-27 100.0 0.8 515882
2018-01-12_18-12-28 100.0 0.8 515882
2018-01-12_18-12-29 100.0 0.8 515882
2018-01-12_18-12-30 93.3 0.8 515882
2018-01-12_18-12-32 100.0 0.8 515882
2018-01-12_18-12-33 100.0 0.8 515882
2018-01-12_18-12-34 100.0 0.8 515882
2018-01-12_18-12-35 100.0 0.8 515882
2018-01-12_18-12-36 93.3 0.8 515882
2018-01-12_18-12-37 100.0 0.8 515882
2018-01-12_18-12-39 100.0 0.9 515882
2018-01-12_18-12-40 93.3 0.9 515882
2018-01-12_18-12-41 100.0 1.0 515882
2018-01-12_18-12-42 100.0 1.0 515882
2018-01-12_18-12-43 93.3 1.0 515882
2018-01-12_18-12-44 100.0 1.0 515882
2018-01-12_18-12-46 100.0 1.0 515882
2018-01-12_18-12-47 100.0 1.0 515882
2018-01-12_18-12-48 100.0 1.1 515882
2018-01-12_18-12-49 100.0 1.1 515882
2018-01-12_18-12-50 100.0 1.2 515882
2018-01-12_18-12-51 100.0 1.2 515882
2018-01-12_18-12-53 100.0 1.3 515882
2018-01-12_18-12-54 100.0 1.3 515882
2018-01-12_18-12-55 100.0 1.3 515882
2018-01-12_18-12-56 100.0 1.2 515882
2018-01-12_18-12-57 100.0 1.2 515882
2018-01-12_18-12-58 88.2 1.2 515882
2018-01-12_18-13-00 86.7 1.3 515882
2018-01-12_18-13-01 100.0 1.7 515882
2018-01-12_18-13-02 106.7 1.7 515882
2018-01-12_18-13-03 106.7 1.7 515882
2018-01-12_18-13-04 106.7 1.7 515882
2018-01-12_18-13-05 106.7 1.7 515882
2018-01-12_18-13-07 106.7 1.7 515882
2018-01-12_18-13-08 113.3 1.8 515882
2018-01-12_18-13-09 106.7 1.8 515882
2018-01-12_18-13-10 113.3 1.8 515882
2018-01-12_18-13-11 106.7 1.8 515882
2018-01-12_18-13-12 106.7 1.8 515882
2018-01-12_18-13-14 106.2 1.8 515882
2018-01-12_18-13-15 106.7 1.8 515882
2018-01-12_18-13-16 106.7 1.8 515882
2018-01-12_18-13-17 106.7 1.8 515882
2018-01-12_18-13-18 113.3 1.8 515882
2018-01-12_18-13-19 106.7 1.8 515882
2018-01-12_18-13-21 113.3 1.8 515882
2018-01-12_18-13-22 106.7 1.8 515882
2018-01-12_18-13-23 106.7 1.9 515882
2018-01-12_18-13-24 106.7 2.0 515882
2018-01-12_18-13-25 100.0 2.1 515882
2018-01-12_18-13-27 113.3 2.2 515882
2018-01-12_18-13-28 113.3 2.3 515882
2018-01-12_18-13-29 106.7 2.2 515882
2018-01-12_18-13-30 100.0 2.2 515882
2018-01-12_18-13-31 106.7 2.1 515882
2018-01-12_18-13-32 106.7 2.1 515882
2018-01-12_18-13-34 106.2 2.1 515882
2018-01-12_18-13-35 113.3 2.1 515882
2018-01-12_18-13-36 113.3 2.1 515882
2018-01-12_18-13-37 106.7 2.2 515882
2018-01-12_18-13-38 100.0 2.3 515882
2018-01-12_18-13-39 106.7 2.2 515882
2018-01-12_18-13-41 100.0 2.2 515882
2018-01-12_18-13-42 106.7 2.3 515882
2018-01-12_18-13-43 106.7 2.3 515882
2018-01-12_18-13-44 100.0 2.3 515882
2018-01-12_18-13-45 106.7 2.3 515882
2018-01-12_18-13-46 113.3 2.3 515882
2018-01-12_18-13-48 106.7 2.3 515882
2018-01-12_18-13-49 106.7 2.3 515882
2018-01-12_18-13-50 106.7 2.3 515882
2018-01-12_18-13-51 100.0 2.3 515882
2018-01-12_18-13-52 113.3 2.3 515882
2018-01-12_18-13-53 106.7 2.3 515882
2018-01-12_18-13-55 106.7 2.3 515882
2018-01-12_18-13-56 106.7 2.3 515882
2018-01-12_18-13-57 100.0 2.3 515882
2018-01-12_18-13-58 106.7 2.3 515882
2018-01-12_18-13-59 100.0 2.3 515882
2018-01-12_18-14-00 106.7 2.3 515882
2018-01-12_18-14-02 106.7 2.3 515882
2018-01-12_18-14-03 100.0 2.3 515882
2018-01-12_18-14-04 106.7 2.3 515882
2018-01-12_18-14-05 100.0 2.3 515882
2018-01-12_18-14-06 100.0 2.3 515882
2018-01-12_18-14-07 60.0 2.3 515882
2018-01-12_18-14-09 153.3 2.4 515882
2018-01-12_18-14-10 126.7 2.5 515882
2018-01-12_18-14-11 120.0 2.8 515882
2018-01-12_18-14-12 5287 3.0 515882
2018-01-12_18-14-13 2220 3.0 515882
2018-01-12_18-14-15 113.3 3.0 515882
2018-01-12_18-14-16 106.7 3.0 515882
2018-01-12_18-14-17 113.3 3.0 515882
2018-01-12_18-14-18 106.7 3.0 515882
2018-01-12_18-14-19 106.7 3.0 515882
2018-01-12_18-14-20 106.7 3.0 515882
2018-01-12_18-14-22 113.3 3.0 515882
2018-01-12_18-14-23 100.0 3.0 515882
2018-01-12_18-14-24 120.0 3.0 515882
2018-01-12_18-14-25 106.7 3.0 515882
2018-01-12_18-14-26 100.0 3.0 515882
2018-01-12_18-14-27 106.7 3.0 515882
2018-01-12_18-14-29 106.7 3.0 515882
2018-01-12_18-14-30 106.7 3.0 515882
2018-01-12_18-14-31 106.7 3.0 515882
2018-01-12_18-14-32 106.7 3.0 515882
2018-01-12_18-14-33 106.7 3.0 515882
2018-01-12_18-14-34 106.7 3.0 515882
2018-01-12_18-14-36 100.0 3.0 515882
2018-01-12_18-14-37 113.3 3.0 515882
2018-01-12_18-14-38 113.3 3.0 515882
2018-01-12_18-14-39 106.7 3.1 515882
2018-01-12_18-14-40 4950 3.4 515882
2018-01-12_18-14-41 106.7 3.4 515882
2018-01-12_18-14-43 106.2 3.4 515882
2018-01-12_18-14-44 80.0 3.4 515882
2018-01-12_18-14-45 106.7 3.4 515882
2018-01-12_18-14-46 106.7 3.4 515882
2018-01-12_18-14-47 106.7 3.4 515882
2018-01-12_18-14-48 113.3 3.4 515882
2018-01-12_18-14-50 106.7 3.4 515882
2018-01-12_18-14-51 106.7 3.4 515882
2018-01-12_18-14-52 106.7 3.4 515882
2018-01-12_18-14-53 200.0 3.4 515882
2018-01-12_18-14-54 106.7 3.4 515882
2018-01-12_18-14-55 113.3 3.4 515882
2018-01-12_18-14-57 113.3 3.4 515882
2018-01-12_18-14-58 113.3 3.5 515882
2018-01-12_18-14-59 113.3 3.5 515882
2018-01-12_18-15-00 106.7 3.5 515882
2018-01-12_18-15-01 106.7 3.5 515882
2018-01-12_18-15-03 113.3 3.5 515882
2018-01-12_18-15-04 113.3 3.5 515882
2018-01-12_18-15-05 106.7 3.5 515882
2018-01-12_18-15-06 113.3 3.4 515882
2018-01-12_18-15-07 113.3 3.4 515882
2018-01-12_18-15-08 4887 3.4 515882
2018-01-12_18-15-10 5013 3.5 515882
2018-01-12_18-15-11 180.0 3.8 515882
2018-01-12_18-15-12 133.3 3.9 515882
2018-01-12_18-15-13 406.7 3.9 515882
2018-01-12_18-15-14 4900 3.9 515882
2018-01-12_18-15-15 4956 3.9 515882
2018-01-12_18-15-17 2160 3.9 515882
2018-01-12_18-15-18 4850 3.9 515882
2018-01-12_18-15-19 5193 3.9 515882
2018-01-12_18-15-20 5387 3.9 515882
2018-01-12_18-15-22 1267 3.9 515882
2018-01-12_18-15-23 5360 3.9 515882
2018-01-12_18-15-24 5360 3.9 515882
2018-01-12_18-15-25 3987 3.9 515882
2018-01-12_18-15-26 5207 3.9 515882
2018-01-12_18-15-27 4994 3.9 515882
2018-01-12_18-15-29 5107 3.9 515882
2018-01-12_18-15-30 4787 4.0 515882
2018-01-12_18-15-31 5333 4.0 515882
2018-01-12_18-15-32 5060 4.0 515882
2018-01-12_18-15-33 2107 4.0 515882
2018-01-12_18-15-35 5347 4.0 515882
2018-01-12_18-15-36 5000 4.0 515882
2018-01-12_18-15-37 5200 4.0 515882
2018-01-12_18-15-38 1733 4.0 515882
2018-01-12_18-15-39 5113 4.0 515882
2018-01-12_18-15-41 5320 4.0 515882
2018-01-12_18-15-42 5353 4.0 515882
2018-01-12_18-15-43 943.8 4.0 515882
2018-01-12_18-15-44 5427 4.0 515882
2018-01-12_18-15-45 4981 4.0 515882
2018-01-12_18-15-47 5300 4.0 515882
2018-01-12_18-15-48 3147 4.0 515882
2018-01-12_18-15-49 5473 4.0 515882
2018-01-12_18-15-50 5367 4.0 515882
2018-01-12_18-15-51 5253 4.0 515882
2018-01-12_18-15-53 4140 4.0 515882
2018-01-12_18-15-54 5240 4.0 515882
2018-01-12_18-15-55 5367 4.0 515882
2018-01-12_18-15-56 5193 4.0 515882
2018-01-12_18-15-57 1044 4.0 515882
2018-01-12_18-15-59 4962 4.0 515882
2018-01-12_18-16-00 4993 4.0 515882
2018-01-12_18-16-01 4167 4.0 515882
2018-01-12_18-16-02 5307 4.0 515882
2018-01-12_18-16-04 5380 4.0 515882
2018-01-12_18-16-05 5107 4.0 515882
2018-01-12_18-16-06 406.7 4.0 515882
2018-01-12_18-16-07 5227 4.0 515882
2018-01-12_18-16-08 5307 4.0 515882
2018-01-12_18-16-10 2540 4.0 515882
2018-01-12_18-16-11 5300 4.0 515882
2018-01-12_18-16-12 5012 4.0 515882
2018-01-12_18-16-13 5427 4.0 515882
2018-01-12_18-16-14 3038 4.0 515882
2018-01-12_18-16-16 5213 4.0 515882
2018-01-12_18-16-17 5233 4.0 515882
2018-01-12_18-16-18 5160 4.0 515882
2018-01-12_18-16-19 5053 4.0 515882
2018-01-12_18-16-20 5253 4.0 515882
2018-01-12_18-16-22 5220 4.0 515882
2018-01-12_18-16-23 2560 4.0 515882
2018-01-12_18-16-24 5233 4.0 515882
2018-01-12_18-16-25 5327 4.0 515882
2018-01-12_18-16-26 3813 4.0 515882
2018-01-12_18-16-28 5180 4.0 515882
2018-01-12_18-16-29 5307 4.0 515882
2018-01-12_18-16-30 4820 4.0 515882
2018-01-12_18-16-31 2760 4.0 515882
2018-01-12_18-16-32 5240 4.0 515882
2018-01-12_18-16-34 5300 4.0 515882
2018-01-12_18-16-35 3767 4.0 515882
2018-01-12_18-16-36 2247 4.0 515882
2018-01-12_18-16-37 5327 4.0 515882
2018-01-12_18-16-38 5020 4.0 515882
2018-01-12_18-16-40 5347 4.0 515882
2018-01-12_18-16-41 687.5 4.0 515882
2018-01-12_18-16-42 5393 4.0 515882
2018-01-12_18-16-43 5227 4.0 515882
2018-01-12_18-16-44 5300 4.0 515882
2018-01-12_18-16-46 4960 4.0 515882
2018-01-12_18-16-47 5280 4.0 515882
2018-01-12_18-16-48 5075 4.0 515882
2018-01-12_18-16-49 5287 4.0 515882
2018-01-12_18-16-50 773.3 4.0 515882
2018-01-12_18-16-52 4919 4.0 515882
2018-01-12_18-16-53 5227 4.0 515882
2018-01-12_18-16-54 5320 4.0 515882
2018-01-12_18-16-55 4013 4.0 515882
2018-01-12_18-16-56 5087 4.0 515882
2018-01-12_18-16-58 5253 4.0 515882
2018-01-12_18-16-59 5280 4.0 515882
2018-01-12_18-17-00 2660 4.0 515882
2018-01-12_18-17-01 5260 4.0 515882
2018-01-12_18-17-02 5267 4.0 515882
2018-01-12_18-17-04 5153 4.0 515882
2018-01-12_18-17-05 4931 4.0 515882
2018-01-12_18-17-06 4900 4.0 515882
2018-01-12_18-17-07 5200 4.0 515882
2018-01-12_18-17-08 2720 4.0 515882
2018-01-12_18-17-10 5193 4.0 515882
2018-01-12_18-17-11 5327 4.0 515882
2018-01-12_18-17-12 5227 4.0 515882
2018-01-12_18-17-13 5080 4.0 515882
2018-01-12_18-17-14 4850 4.0 515882
2018-01-12_18-17-16 5213 4.0 515882
2018-01-12_18-17-17 5220 4.0 515882
2018-01-12_18-17-18 573.3 4.0 515882
2018-01-12_18-17-19 5080 4.0 515882
2018-01-12_18-17-20 4900 4.0 515882
2018-01-12_18-17-22 3475 4.0 515882
2018-01-12_18-17-23 5240 4.0 515882
2018-01-12_18-17-24 5407 4.0 515882
2018-01-12_18-17-25 4956 4.0 515882
2018-01-12_18-17-26 2780 4.0 515882
2018-01-12_18-17-28 5060 4.0 515882
2018-01-12_18-17-29 5193 4.0 515882
2018-01-12_18-17-30 4638 4.0 515882
2018-01-12_18-17-31 5087 4.0 515882
2018-01-12_18-17-32 5247 4.0 515882
2018-01-12_18-17-34 5373 4.0 515882
2018-01-12_18-17-35 2067 4.0 515882
2018-01-12_18-17-36 2587 4.0 515882
2018-01-12_18-17-37 4906 4.0 515882
2018-01-12_18-17-38 5347 4.0 515882
2018-01-12_18-17-40 5247 4.0 515882
2018-01-12_18-17-41 5080 4.0 515882
2018-01-12_18-17-42 5173 4.0 515882
2018-01-12_18-17-43 5300 4.0 515882
2018-01-12_18-17-44 3080 4.0 515882
2018-01-12_18-17-45 5233 4.0 515882
2018-01-12_18-17-47 4844 4.0 515882
2018-01-12_18-17-48 4800 4.0 515882
2018-01-12_18-17-49 5207 4.0 515882
2018-01-12_18-17-50 5347 4.0 515882
2018-01-12_18-17-51 4919 4.0 515882
2018-01-12_18-17-53 4912 4.0 515882
2018-01-12_18-17-54 5253 4.0 515882
2018-01-12_18-17-55 5180 4.0 515882
2018-01-12_18-17-56 5247 4.0 515882
2018-01-12_18-17-57 3200 4.0 515882
2018-01-12_18-17-59 4981 4.0 515882
2018-01-12_18-18-00 5167 4.0 515882
2018-01-12_18-18-01 5287 4.0 515882
2018-01-12_18-18-02 2220 4.0 515882
2018-01-12_18-18-03 5387 4.0 515882
2018-01-12_18-18-05 5227 4.0 515882
2018-01-12_18-18-06 4531 4.0 515882
2018-01-12_18-18-07 5240 4.0 515882
2018-01-12_18-18-08 4881 4.0 515882
2018-01-12_18-18-09 5347 4.0 515882
2018-01-12_18-18-11 2933 4.0 515882
2018-01-12_18-18-12 5240 4.0 515882
2018-01-12_18-18-13 113.3 4.0 515882
2018-01-12_18-18-14 106.7 4.0 515882
2018-01-12_18-18-15 106.7 4.0 515882
2018-01-12_18-18-17 113.3 4.0 515882
2018-01-12_18-18-18 106.7 4.0 515882
2018-01-12_18-18-19 113.3 4.0 515882
2018-01-12_18-18-20 106.7 4.0 515882
2018-01-12_18-18-21 113.3 4.0 515882
2018-01-12_18-18-22 106.7 4.0 515882
2018-01-12_18-18-24 106.7 4.0 515882
2018-01-12_18-18-25 113.3 4.0 515882
2018-01-12_18-18-26 106.7 4.0 515882
2018-01-12_18-18-27 100.0 4.0 515882
2018-01-12_18-18-28 100.0 4.0 515882
2018-01-12_18-18-29 106.7 4.0 515882
2018-01-12_18-18-31 106.7 4.0 515882
2018-01-12_18-18-32 106.7 4.0 515882
2018-01-12_18-18-33 100.0 3.9 515882
2018-01-12_18-18-34 100.0 3.9 515882
2018-01-12_18-18-35 106.7 3.8 515882
2018-01-12_18-18-36 100.0 3.6 515882
2018-01-12_18-18-38 100.0 0.0 515882
2018-01-12_18-18-39 80.0 0.0 515882
