2018-01-12_18-18-43 46.7 0.0 515882
2018-01-12_18-18-44 56.2 0.0 515882
2018-01-12_18-18-45 87.5 0.0 515882
2018-01-12_18-18-46 93.3 0.0 515882
2018-01-12_18-18-47 100.0 0.0 515882
2018-01-12_18-18-49 87.5 0.0 515882
2018-01-12_18-18-50 100.0 0.1 515882
2018-01-12_18-18-51 100.0 0.1 515882
2018-01-12_18-18-52 93.3 0.1 515882
2018-01-12_18-18-53 93.3 0.1 515882
2018-01-12_18-18-54 100.0 0.1 515882
2018-01-12_18-18-56 100.0 0.1 515882
2018-01-12_18-18-57 100.0 0.1 515882
2018-01-12_18-18-58 100.0 0.1 515882
2018-01-12_18-18-59 93.8 0.1 515882
2018-01-12_18-19-00 100.0 0.1 515882
2018-01-12_18-19-01 100.0 0.1 515882
2018-01-12_18-19-03 100.0 0.1 515882
2018-01-12_18-19-04 93.3 0.1 515882
2018-01-12_18-19-05 100.0 0.1 515882
2018-01-12_18-19-06 100.0 0.1 515882
2018-01-12_18-19-07 100.0 0.1 515882
2018-01-12_18-19-08 100.0 0.1 515882
2018-01-12_18-19-10 100.0 0.1 515882
2018-01-12_18-19-11 100.0 0.1 515882
2018-01-12_18-19-12 100.0 0.2 515882
2018-01-12_18-19-13 100.0 0.2 515882
2018-01-12_18-19-14 93.3 0.2 515882
2018-01-12_18-19-15 93.3 0.2 515882
2018-01-12_18-19-17 100.0 0.2 515882
2018-01-12_18-19-18 93.3 0.2 515882
2018-01-12_18-19-19 100.0 0.2 515882
2018-01-12_18-19-20 93.3 0.2 515882
2018-01-12_18-19-21 93.8 0.2 515882
2018-01-12_18-19-22 100.0 0.2 515882
2018-01-12_18-19-24 100.0 0.2 515882
2018-01-12_18-19-25 100.0 0.2 515882
2018-01-12_18-19-26 100.0 0.2 515882
2018-01-12_18-19-27 100.0 0.2 515882
2018-01-12_18-19-28 100.0 0.2 515882
2018-01-12_18-19-29 100.0 0.2 515882
2018-01-12_18-19-31 100.0 0.2 515882
2018-01-12_18-19-32 100.0 0.2 515882
2018-01-12_18-19-33 100.0 0.2 515882
2018-01-12_18-19-34 100.0 0.3 515882
2018-01-12_18-19-35 100.0 0.3 515882
2018-01-12_18-19-36 100.0 0.3 515882
2018-01-12_18-19-38 100.0 0.3 515882
2018-01-12_18-19-39 93.3 0.3 515882
2018-01-12_18-19-40 100.0 0.3 515882
2018-01-12_18-19-41 93.3 0.3 515882
2018-01-12_18-19-42 100.0 0.3 515882
2018-01-12_18-19-43 100.0 0.3 515882
2018-01-12_18-19-45 100.0 0.3 515882
2018-01-12_18-19-46 100.0 0.3 515882
2018-01-12_18-19-47 100.0 0.3 515882
2018-01-12_18-19-48 100.0 0.3 515882
2018-01-12_18-19-49 100.0 0.3 515882
2018-01-12_18-19-50 100.0 0.3 515882
2018-01-12_18-19-52 100.0 0.3 515882
2018-01-12_18-19-53 100.0 0.3 515882
2018-01-12_18-19-54 100.0 0.3 515882
2018-01-12_18-19-55 100.0 0.4 515882
2018-01-12_18-19-56 100.0 0.4 515882
2018-01-12_18-19-57 93.3 0.4 515882
2018-01-12_18-19-59 100.0 0.4 515882
2018-01-12_18-20-00 93.3 0.4 515882
2018-01-12_18-20-01 100.0 0.4 515882
2018-01-12_18-20-02 100.0 0.4 515882
2018-01-12_18-20-03 100.0 0.4 515882
2018-01-12_18-20-05 100.0 0.4 515882
2018-01-12_18-20-06 100.0 0.4 515882
2018-01-12_18-20-07 100.0 0.4 515882
2018-01-12_18-20-08 100.0 0.4 515882
2018-01-12_18-20-09 100.0 0.4 515882
2018-01-12_18-20-10 100.0 0.4 515882
2018-01-12_18-20-12 100.0 0.4 515882
2018-01-12_18-20-13 100.0 0.4 515882
2018-01-12_18-20-14 100.0 0.4 515882
2018-01-12_18-20-15 100.0 0.4 515882
2018-01-12_18-20-16 100.0 0.4 515882
2018-01-12_18-20-17 100.0 0.5 515882
2018-01-12_18-20-19 100.0 0.5 515882
2018-01-12_18-20-20 100.0 0.5 515882
2018-01-12_18-20-21 100.0 0.5 515882
2018-01-12_18-20-22 100.0 0.5 515882
2018-01-12_18-20-23 100.0 0.5 515882
2018-01-12_18-20-24 100.0 0.5 515882
2018-01-12_18-20-26 93.3 0.5 515882
2018-01-12_18-20-27 100.0 0.5 515882
2018-01-12_18-20-28 100.0 0.5 515882
2018-01-12_18-20-29 100.0 0.5 515882
2018-01-12_18-20-30 100.0 0.5 515882
2018-01-12_18-20-31 93.3 0.5 515882
2018-01-12_18-20-33 100.0 0.5 515882
2018-01-12_18-20-34 93.3 0.5 515882
2018-01-12_18-20-35 100.0 0.5 515882
2018-01-12_18-20-36 100.0 0.5 515882
2018-01-12_18-20-37 100.0 0.5 515882
2018-01-12_18-20-38 100.0 0.5 515882
2018-01-12_18-20-40 100.0 0.6 515882
2018-01-12_18-20-41 100.0 0.6 515882
2018-01-12_18-20-42 100.0 0.6 515882
2018-01-12_18-20-43 100.0 0.6 515882
2018-01-12_18-20-44 100.0 0.6 515882
2018-01-12_18-20-45 100.0 0.6 515882
2018-01-12_18-20-47 93.3 0.6 515882
2018-01-12_18-20-48 100.0 0.6 515882
2018-01-12_18-20-49 100.0 0.6 515882
2018-01-12_18-20-50 100.0 0.6 515882
2018-01-12_18-20-51 93.3 0.6 515882
2018-01-12_18-20-52 100.0 0.6 515882
2018-01-12_18-20-54 100.0 0.6 515882
2018-01-12_18-20-55 100.0 0.6 515882
2018-01-12_18-20-56 100.0 0.6 515882
2018-01-12_18-20-57 100.0 0.6 515882
2018-01-12_18-20-58 93.3 0.6 515882
2018-01-12_18-20-59 100.0 0.7 515882
2018-01-12_18-21-01 93.3 0.7 515882
2018-01-12_18-21-02 100.0 0.7 515882
2018-01-12_18-21-03 100.0 0.7 515882
2018-01-12_18-21-04 100.0 0.7 515882
2018-01-12_18-21-05 93.3 0.7 515882
2018-01-12_18-21-06 100.0 0.7 515882
2018-01-12_18-21-08 100.0 0.7 515882
2018-01-12_18-21-09 93.3 0.7 515882
2018-01-12_18-21-10 100.0 0.7 515882
2018-01-12_18-21-11 100.0 0.7 515882
2018-01-12_18-21-12 100.0 0.7 515882
2018-01-12_18-21-13 100.0 0.7 515882
2018-01-12_18-21-15 100.0 0.7 515882
2018-01-12_18-21-16 100.0 0.7 515882
2018-01-12_18-21-17 100.0 0.7 515882
2018-01-12_18-21-18 100.0 0.7 515882
2018-01-12_18-21-19 100.0 0.7 515882
2018-01-12_18-21-20 100.0 0.7 515882
2018-01-12_18-21-22 100.0 0.8 515882
2018-01-12_18-21-23 100.0 0.8 515882
2018-01-12_18-21-24 100.0 0.8 515882
2018-01-12_18-21-25 93.3 0.8 515882
2018-01-12_18-21-26 100.0 0.8 515882
2018-01-12_18-21-27 100.0 0.8 515882
2018-01-12_18-21-29 100.0 0.8 515882
2018-01-12_18-21-30 100.0 0.8 515882
2018-01-12_18-21-31 93.3 0.8 515882
2018-01-12_18-21-32 100.0 0.8 515882
2018-01-12_18-21-33 100.0 0.8 515882
2018-01-12_18-21-34 100.0 0.8 515882
2018-01-12_18-21-36 100.0 0.8 515882
2018-01-12_18-21-37 100.0 0.8 515882
2018-01-12_18-21-38 93.3 0.8 515882
2018-01-12_18-21-39 100.0 0.8 515882
2018-01-12_18-21-40 100.0 0.8 515882
2018-01-12_18-21-41 100.0 0.8 515882
2018-01-12_18-21-43 100.0 0.8 515882
2018-01-12_18-21-44 93.3 0.8 515882
2018-01-12_18-21-45 100.0 0.9 515882
2018-01-12_18-21-46 100.0 0.9 515882
2018-01-12_18-21-47 100.0 0.9 515882
2018-01-12_18-21-49 100.0 0.9 515882
2018-01-12_18-21-50 100.0 0.9 515882
2018-01-12_18-21-51 93.8 0.9 515882
2018-01-12_18-21-52 100.0 0.9 515882
2018-01-12_18-21-53 93.3 0.9 515882
2018-01-12_18-21-54 100.0 0.9 515882
2018-01-12_18-21-56 100.0 0.9 515882
2018-01-12_18-21-57 100.0 0.9 515882
2018-01-12_18-21-58 93.8 0.9 515882
2018-01-12_18-21-59 93.3 0.9 515882
2018-01-12_18-22-00 100.0 0.9 515882
2018-01-12_18-22-01 100.0 0.9 515882
2018-01-12_18-22-03 100.0 0.9 515882
2018-01-12_18-22-04 100.0 0.9 515882
2018-01-12_18-22-05 100.0 1.0 515882
2018-01-12_18-22-06 100.0 1.0 515882
2018-01-12_18-22-07 93.3 1.0 515882
2018-01-12_18-22-08 93.3 1.0 515882
2018-01-12_18-22-10 100.0 1.0 515882
2018-01-12_18-22-11 100.0 1.0 515882
2018-01-12_18-22-12 100.0 1.0 515882
2018-01-12_18-22-13 100.0 1.0 515882
2018-01-12_18-22-14 100.0 1.0 515882
2018-01-12_18-22-15 100.0 1.0 515882
2018-01-12_18-22-17 100.0 1.0 515882
2018-01-12_18-22-18 100.0 1.0 515882
2018-01-12_18-22-19 100.0 1.0 515882
2018-01-12_18-22-20 100.0 1.0 515882
2018-01-12_18-22-21 100.0 1.0 515882
2018-01-12_18-22-22 93.3 1.0 515882
2018-01-12_18-22-24 100.0 1.0 515882
2018-01-12_18-22-25 100.0 1.0 515882
2018-01-12_18-22-26 100.0 1.0 515882
2018-01-12_18-22-27 100.0 1.0 515882
2018-01-12_18-22-28 93.3 1.1 515882
2018-01-12_18-22-29 100.0 1.1 515882
2018-01-12_18-22-31 93.3 1.1 515882
2018-01-12_18-22-32 100.0 1.1 515882
2018-01-12_18-22-33 100.0 1.1 515882
2018-01-12_18-22-34 100.0 1.1 515882
2018-01-12_18-22-35 93.3 1.1 515882
2018-01-12_18-22-36 100.0 1.1 515882
2018-01-12_18-22-38 100.0 1.1 515882
2018-01-12_18-22-39 100.0 1.1 515882
2018-01-12_18-22-40 100.0 1.1 515882
2018-01-12_18-22-41 100.0 1.1 515882
2018-01-12_18-22-42 100.0 1.1 515882
2018-01-12_18-22-43 100.0 1.1 515882
2018-01-12_18-22-45 100.0 1.1 515882
2018-01-12_18-22-46 93.3 1.1 515882
2018-01-12_18-22-47 100.0 1.1 515882
2018-01-12_18-22-48 100.0 1.2 515882
2018-01-12_18-22-49 100.0 1.2 515882
2018-01-12_18-22-50 100.0 1.2 515882
2018-01-12_18-22-52 100.0 1.2 515882
2018-01-12_18-22-53 100.0 1.2 515882
2018-01-12_18-22-54 100.0 1.2 515882
2018-01-12_18-22-55 93.3 1.2 515882
2018-01-12_18-22-56 93.3 1.2 515882
2018-01-12_18-22-57 100.0 1.2 515882
2018-01-12_18-22-59 93.3 1.2 515882
2018-01-12_18-23-00 100.0 1.2 515882
2018-01-12_18-23-01 100.0 1.2 515882
2018-01-12_18-23-02 100.0 1.2 515882
2018-01-12_18-23-03 100.0 1.2 515882
2018-01-12_18-23-04 100.0 1.2 515882
2018-01-12_18-23-06 100.0 1.2 515882
2018-01-12_18-23-07 100.0 1.2 515882
2018-01-12_18-23-08 100.0 1.3 515882
2018-01-12_18-23-09 100.0 1.3 515882
2018-01-12_18-23-10 100.0 1.3 515882
2018-01-12_18-23-11 100.0 1.3 515882
2018-01-12_18-23-13 100.0 1.3 515882
2018-01-12_18-23-14 100.0 1.3 515882
2018-01-12_18-23-15 100.0 1.3 515882
2018-01-12_18-23-16 100.0 1.3 515882
2018-01-12_18-23-17 100.0 1.3 515882
2018-01-12_18-23-18 100.0 1.3 515882
2018-01-12_18-23-20 93.3 1.3 515882
2018-01-12_18-23-21 100.0 1.3 515882
2018-01-12_18-23-22 100.0 1.3 515882
2018-01-12_18-23-23 100.0 1.3 515882
2018-01-12_18-23-24 100.0 1.3 515882
2018-01-12_18-23-25 100.0 1.3 515882
2018-01-12_18-23-27 100.0 1.3 515882
2018-01-12_18-23-28 100.0 1.3 515882
2018-01-12_18-23-29 100.0 1.3 515882
2018-01-12_18-23-30 100.0 1.3 515882
2018-01-12_18-23-31 100.0 1.3 515882
2018-01-12_18-23-33 93.8 1.3 515882
2018-01-12_18-23-34 100.0 1.4 515882
2018-01-12_18-23-35 93.3 1.4 515882
2018-01-12_18-23-36 100.0 1.4 515882
2018-01-12_18-23-37 100.0 1.4 515882
2018-01-12_18-23-38 100.0 1.4 515882
2018-01-12_18-23-40 100.0 1.4 515882
2018-01-12_18-23-41 100.0 1.4 515882
2018-01-12_18-23-42 100.0 1.4 515882
2018-01-12_18-23-43 100.0 1.4 515882
2018-01-12_18-23-44 100.0 1.4 515882
2018-01-12_18-23-45 93.3 1.4 515882
2018-01-12_18-23-47 100.0 1.4 515882
2018-01-12_18-23-48 100.0 1.4 515882
2018-01-12_18-23-49 100.0 1.4 515882
2018-01-12_18-23-50 100.0 1.4 515882
2018-01-12_18-23-51 100.0 1.4 515882
2018-01-12_18-23-52 100.0 1.4 515882
2018-01-12_18-23-54 100.0 1.5 515882
2018-01-12_18-23-55 100.0 1.5 515882
2018-01-12_18-23-56 100.0 1.5 515882
2018-01-12_18-23-57 100.0 1.5 515882
2018-01-12_18-23-58 100.0 1.5 515882
2018-01-12_18-23-59 100.0 1.5 515882
2018-01-12_18-24-01 100.0 1.5 515882
2018-01-12_18-24-02 100.0 1.5 515882
2018-01-12_18-24-03 100.0 1.5 515882
2018-01-12_18-24-04 100.0 1.5 515882
2018-01-12_18-24-05 100.0 1.5 515882
2018-01-12_18-24-06 100.0 1.5 515882
2018-01-12_18-24-08 93.3 1.5 515882
2018-01-12_18-24-09 100.0 1.5 515882
2018-01-12_18-24-10 100.0 1.5 515882
2018-01-12_18-24-11 100.0 1.5 515882
2018-01-12_18-24-12 93.3 1.6 515882
2018-01-12_18-24-13 100.0 1.6 515882
2018-01-12_18-24-15 93.3 1.6 515882
2018-01-12_18-24-16 100.0 1.6 515882
2018-01-12_18-24-17 100.0 1.6 515882
2018-01-12_18-24-18 100.0 1.6 515882
2018-01-12_18-24-19 100.0 1.6 515882
2018-01-12_18-24-20 93.3 1.6 515882
2018-01-12_18-24-22 100.0 1.6 515882
2018-01-12_18-24-23 100.0 1.6 515882
2018-01-12_18-24-24 100.0 1.6 515882
2018-01-12_18-24-25 100.0 1.6 515882
2018-01-12_18-24-26 93.3 1.6 515882
2018-01-12_18-24-27 100.0 1.6 515882
2018-01-12_18-24-29 100.0 1.6 515882
2018-01-12_18-24-30 100.0 1.6 515882
2018-01-12_18-24-31 100.0 1.6 515882
2018-01-12_18-24-32 100.0 1.6 515882
2018-01-12_18-24-33 100.0 1.7 515882
2018-01-12_18-24-34 100.0 1.7 515882
2018-01-12_18-24-36 100.0 1.7 515882
2018-01-12_18-24-37 93.3 1.8 515882
2018-01-12_18-24-38 93.8 1.8 515882
2018-01-12_18-24-39 100.0 1.9 515882
2018-01-12_18-24-40 100.0 1.9 515882
2018-01-12_18-24-41 100.0 1.9 515882
2018-01-12_18-24-43 100.0 2.0 515882
2018-01-12_18-24-44 100.0 2.0 515882
2018-01-12_18-24-45 100.0 2.0 515882
2018-01-12_18-24-46 100.0 2.1 515882
2018-01-12_18-24-47 100.0 2.1 515882
2018-01-12_18-24-48 93.3 2.2 515882
2018-01-12_18-24-50 100.0 2.2 515882
2018-01-12_18-24-51 100.0 2.2 515882
2018-01-12_18-24-52 100.0 2.3 515882
2018-01-12_18-24-53 100.0 2.3 515882
2018-01-12_18-24-54 100.0 2.4 515882
2018-01-12_18-24-55 100.0 2.4 515882
2018-01-12_18-24-57 100.0 2.5 515882
2018-01-12_18-24-58 100.0 2.5 515882
2018-01-12_18-24-59 93.3 2.6 515882
2018-01-12_18-25-00 100.0 2.6 515882
2018-01-12_18-25-01 100.0 2.7 515882
2018-01-12_18-25-02 100.0 2.7 515882
2018-01-12_18-25-04 100.0 2.5 515882
2018-01-12_18-25-05 100.0 2.4 515882
2018-01-12_18-25-06 100.0 2.4 515882
2018-01-12_18-25-07 100.0 2.4 515882
2018-01-12_18-25-08 100.0 2.4 515882
2018-01-12_18-25-09 100.0 2.4 515882
2018-01-12_18-25-11 86.7 2.4 515882
2018-01-12_18-25-12 93.3 2.5 515882
2018-01-12_18-25-13 80.0 2.5 515882
2018-01-12_18-25-14 100.0 2.6 515882
2018-01-12_18-25-15 106.7 3.3 515882
2018-01-12_18-25-17 106.7 3.3 515882
2018-01-12_18-25-18 106.7 3.3 515882
2018-01-12_18-25-19 113.3 3.3 515882
2018-01-12_18-25-20 113.3 3.3 515882
2018-01-12_18-25-21 113.3 3.4 515882
2018-01-12_18-25-22 106.2 3.4 515882
2018-01-12_18-25-24 120.0 3.4 515882
2018-01-12_18-25-25 113.3 3.4 515882
2018-01-12_18-25-26 120.0 3.4 515882
2018-01-12_18-25-27 113.3 3.4 515882
2018-01-12_18-25-28 120.0 3.4 515882
2018-01-12_18-25-29 113.3 3.4 515882
2018-01-12_18-25-31 106.7 3.4 515882
2018-01-12_18-25-32 106.7 3.4 515882
2018-01-12_18-25-33 113.3 3.4 515882
2018-01-12_18-25-34 113.3 3.4 515882
2018-01-12_18-25-35 120.0 3.4 515882
2018-01-12_18-25-36 113.3 3.4 515882
2018-01-12_18-25-38 120.0 3.4 515882
2018-01-12_18-25-39 113.3 3.4 515882
2018-01-12_18-25-40 120.0 3.5 515882
2018-01-12_18-25-41 113.3 3.5 515882
2018-01-12_18-25-42 113.3 3.5 515882
2018-01-12_18-25-43 113.3 3.5 515882
2018-01-12_18-25-45 106.2 3.5 515882
2018-01-12_18-25-46 120.0 3.5 515882
2018-01-12_18-25-47 120.0 3.5 515882
2018-01-12_18-25-48 113.3 3.5 515882
2018-01-12_18-25-49 113.3 3.6 515882
2018-01-12_18-25-50 113.3 3.6 515882
2018-01-12_18-25-52 112.5 3.6 515882
2018-01-12_18-25-53 120.0 3.6 515882
2018-01-12_18-25-54 113.3 3.6 515882
2018-01-12_18-25-55 120.0 3.6 515882
2018-01-12_18-25-56 106.2 3.6 515882
2018-01-12_18-25-58 120.0 3.6 515882
2018-01-12_18-25-59 100.0 3.6 515882
2018-01-12_18-26-00 106.2 3.6 515882
2018-01-12_18-26-01 113.3 3.6 515882
2018-01-12_18-26-02 106.7 3.6 515882
2018-01-12_18-26-03 113.3 3.6 515882
2018-01-12_18-26-05 120.0 3.6 515882
2018-01-12_18-26-06 106.7 3.6 515882
2018-01-12_18-26-07 120.0 3.6 515882
2018-01-12_18-26-08 113.3 3.6 515882
2018-01-12_18-26-09 113.3 3.6 515882
2018-01-12_18-26-10 113.3 3.6 515882
2018-01-12_18-26-12 113.3 3.8 515882
2018-01-12_18-26-13 113.3 3.9 515882
2018-01-12_18-26-14 113.3 4.1 515882
2018-01-12_18-26-15 120.0 4.2 515882
2018-01-12_18-26-16 113.3 4.2 515882
2018-01-12_18-26-17 106.7 4.3 515882
2018-01-12_18-26-19 113.3 4.3 515882
2018-01-12_18-26-20 106.2 4.4 515882
2018-01-12_18-26-21 113.3 4.5 515882
2018-01-12_18-26-22 120.0 4.5 515882
2018-01-12_18-26-23 113.3 4.5 515882
2018-01-12_18-26-24 106.7 4.5 515882
2018-01-12_18-26-26 113.3 4.5 515882
2018-01-12_18-26-27 106.7 4.4 515882
2018-01-12_18-26-28 113.3 4.2 515882
2018-01-12_18-26-29 113.3 4.2 515882
2018-01-12_18-26-30 113.3 4.2 515882
2018-01-12_18-26-31 106.2 4.2 515882
2018-01-12_18-26-33 113.3 4.2 515882
2018-01-12_18-26-34 120.0 4.2 515882
2018-01-12_18-26-35 120.0 4.2 515882
2018-01-12_18-26-36 113.3 4.2 515882
2018-01-12_18-26-37 113.3 4.2 515882
2018-01-12_18-26-38 113.3 4.2 515882
2018-01-12_18-26-40 113.3 4.2 515882
2018-01-12_18-26-41 113.3 4.2 515882
2018-01-12_18-26-42 113.3 4.2 515882
2018-01-12_18-26-43 53.3 4.2 515882
2018-01-12_18-26-44 140.0 4.3 515882
2018-01-12_18-26-45 106.7 4.5 515882
2018-01-12_18-26-47 113.3 4.5 515882
2018-01-12_18-26-48 113.3 4.5 515882
2018-01-12_18-26-49 106.7 4.4 515882
2018-01-12_18-26-50 106.7 4.5 515882
2018-01-12_18-26-51 106.7 4.5 515882
2018-01-12_18-26-53 113.3 4.5 515882
2018-01-12_18-26-54 106.7 4.5 515882
2018-01-12_18-26-55 106.7 4.5 515882
2018-01-12_18-26-56 106.7 4.5 515882
2018-01-12_18-26-57 113.3 4.5 515882
2018-01-12_18-26-58 113.3 4.5 515882
2018-01-12_18-27-00 113.3 4.5 515882
2018-01-12_18-27-01 113.3 4.5 515882
2018-01-12_18-27-02 106.7 4.5 515882
2018-01-12_18-27-03 106.7 4.5 515882
2018-01-12_18-27-04 106.7 4.5 515882
2018-01-12_18-27-05 113.3 4.5 515882
2018-01-12_18-27-07 106.7 4.5 515882
2018-01-12_18-27-08 106.7 4.5 515882
2018-01-12_18-27-09 106.7 4.5 515882
2018-01-12_18-27-10 106.7 4.5 515882
2018-01-12_18-27-11 106.7 4.5 515882
2018-01-12_18-27-12 106.7 4.5 515882
2018-01-12_18-27-14 106.7 4.5 515882
2018-01-12_18-27-15 106.7 4.5 515882
2018-01-12_18-27-16 106.7 4.5 515882
2018-01-12_18-27-17 106.7 4.5 515882
2018-01-12_18-27-18 106.7 4.5 515882
2018-01-12_18-27-19 106.7 4.5 515882
2018-01-12_18-27-21 106.7 4.5 515882
2018-01-12_18-27-22 106.7 4.5 515882
2018-01-12_18-27-23 106.7 4.5 515882
2018-01-12_18-27-24 113.3 4.5 515882
2018-01-12_18-27-25 113.3 4.5 515882
2018-01-12_18-27-26 106.7 4.5 515882
2018-01-12_18-27-28 100.0 4.5 515882
2018-01-12_18-27-29 113.3 4.5 515882
2018-01-12_18-27-30 106.7 4.5 515882
2018-01-12_18-27-31 100.0 4.5 515882
2018-01-12_18-27-32 113.3 4.5 515882
2018-01-12_18-27-33 106.7 4.5 515882
2018-01-12_18-27-35 106.7 4.5 515882
2018-01-12_18-27-36 106.7 4.5 515882
2018-01-12_18-27-37 113.3 4.5 515882
2018-01-12_18-27-38 106.7 4.5 515882
2018-01-12_18-27-39 100.0 4.5 515882
2018-01-12_18-27-40 106.7 4.5 515882
2018-01-12_18-27-42 120.0 4.5 515882
2018-01-12_18-27-43 113.3 4.5 515882
2018-01-12_18-27-44 106.7 4.5 515882
2018-01-12_18-27-45 106.7 4.5 515882
2018-01-12_18-27-46 113.3 4.5 515882
2018-01-12_18-27-47 113.3 4.5 515882
2018-01-12_18-27-49 113.3 4.5 515882
2018-01-12_18-27-50 106.7 4.5 515882
2018-01-12_18-27-51 120.0 4.5 515882
2018-01-12_18-27-52 113.3 4.5 515882
2018-01-12_18-27-53 106.7 4.5 515882
2018-01-12_18-27-54 113.3 4.5 515882
2018-01-12_18-27-56 113.3 4.5 515882
2018-01-12_18-27-57 113.3 4.5 515882
2018-01-12_18-27-58 160.0 4.6 515882
2018-01-12_18-27-59 156.2 4.7 515882
2018-01-12_18-28-00 106.7 4.7 515882
2018-01-12_18-28-01 106.7 4.7 515882
2018-01-12_18-28-03 113.3 4.7 515882
2018-01-12_18-28-04 160.0 4.9 515882
2018-01-12_18-28-05 100.0 5.5 515882
2018-01-12_18-28-06 4225 5.6 515882
2018-01-12_18-28-07 4894 5.6 515882
2018-01-12_18-28-09 4933 5.6 515882
2018-01-12_18-28-10 113.3 5.6 515882
2018-01-12_18-28-11 106.7 5.6 515882
2018-01-12_18-28-12 106.7 5.7 515882
2018-01-12_18-28-13 106.7 5.7 515882
2018-01-12_18-28-14 113.3 5.7 515882
2018-01-12_18-28-16 106.7 5.7 515882
2018-01-12_18-28-17 100.0 5.7 515882
2018-01-12_18-28-18 106.7 5.7 515882
2018-01-12_18-28-19 113.3 5.7 515882
2018-01-12_18-28-20 106.7 5.7 515882
2018-01-12_18-28-21 100.0 5.7 515882
2018-01-12_18-28-23 113.3 5.7 515882
2018-01-12_18-28-24 113.3 5.7 515882
2018-01-12_18-28-25 113.3 5.7 515882
2018-01-12_18-28-26 106.7 5.7 515882
2018-01-12_18-28-27 113.3 5.7 515882
2018-01-12_18-28-28 113.3 5.7 515882
2018-01-12_18-28-30 106.7 5.7 515882
2018-01-12_18-28-31 100.0 5.7 515882
2018-01-12_18-28-32 106.7 5.7 515882
2018-01-12_18-28-33 113.3 5.7 515882
2018-01-12_18-28-34 100.0 5.7 515882
2018-01-12_18-28-35 113.3 5.7 515882
2018-01-12_18-28-37 113.3 5.7 515882
2018-01-12_18-28-38 100.0 5.7 515882
2018-01-12_18-28-39 106.7 5.7 515882
2018-01-12_18-28-40 106.7 5.7 515882
2018-01-12_18-28-41 113.3 5.7 515882
2018-01-12_18-28-43 113.3 5.7 515882
2018-01-12_18-28-44 106.7 5.7 515882
2018-01-12_18-28-45 106.7 5.7 515882
2018-01-12_18-28-46 106.7 5.7 515882
2018-01-12_18-28-47 113.3 5.7 515882
2018-01-12_18-28-48 106.7 5.7 515882
2018-01-12_18-28-50 106.7 5.7 515882
2018-01-12_18-28-51 106.7 5.7 515882
2018-01-12_18-28-52 106.7 5.7 515882
2018-01-12_18-28-53 113.3 5.7 515882
2018-01-12_18-28-54 113.3 5.7 515882
2018-01-12_18-28-55 106.7 5.7 515882
2018-01-12_18-28-57 106.7 5.7 515882
2018-01-12_18-28-58 106.7 5.7 515882
2018-01-12_18-28-59 106.7 5.7 515882
2018-01-12_18-29-00 100.0 5.7 515882
2018-01-12_18-29-01 113.3 5.7 515882
2018-01-12_18-29-02 106.7 5.7 515882
2018-01-12_18-29-04 106.7 5.6 515882
2018-01-12_18-29-05 106.7 5.6 515882
2018-01-12_18-29-06 106.7 5.6 515882
2018-01-12_18-29-07 106.7 5.6 515882
2018-01-12_18-29-08 120.0 6.2 515882
2018-01-12_18-29-09 620.0 6.5 515882
2018-01-12_18-29-11 4500 6.5 515882
2018-01-12_18-29-12 5227 6.5 515882
2018-01-12_18-29-13 113.3 6.5 515882
2018-01-12_18-29-14 113.3 6.5 515882
2018-01-12_18-29-15 113.3 6.5 515882
2018-01-12_18-29-16 106.7 6.5 515882
2018-01-12_18-29-18 113.3 6.5 515882
2018-01-12_18-29-19 113.3 6.5 515882
2018-01-12_18-29-20 113.3 6.5 515882
2018-01-12_18-29-21 113.3 6.5 515882
2018-01-12_18-29-22 100.0 6.5 515882
2018-01-12_18-29-24 106.7 6.5 515882
2018-01-12_18-29-25 113.3 6.5 515882
2018-01-12_18-29-26 106.7 6.5 515882
2018-01-12_18-29-27 113.3 6.5 515882
2018-01-12_18-29-28 113.3 6.5 515882
2018-01-12_18-29-29 100.0 6.5 515882
2018-01-12_18-29-31 106.7 6.5 515882
2018-01-12_18-29-32 113.3 6.5 515882
2018-01-12_18-29-33 106.7 6.5 515882
2018-01-12_18-29-34 106.7 6.5 515882
2018-01-12_18-29-35 113.3 6.5 515882
2018-01-12_18-29-36 106.7 6.5 515882
2018-01-12_18-29-38 206.7 6.5 515882
2018-01-12_18-29-39 200.0 6.6 515882
2018-01-12_18-29-40 113.3 6.5 515882
2018-01-12_18-29-41 113.3 6.5 515882
2018-01-12_18-29-42 113.3 6.5 515882
2018-01-12_18-29-43 113.3 6.5 515882
2018-01-12_18-29-45 113.3 6.5 515882
2018-01-12_18-29-46 106.7 6.6 515882
2018-01-12_18-29-47 100.0 6.6 515882
2018-01-12_18-29-48 106.7 6.6 515882
2018-01-12_18-29-49 113.3 6.6 515882
2018-01-12_18-29-50 106.7 6.7 515882
2018-01-12_18-29-52 113.3 6.7 515882
2018-01-12_18-29-53 106.2 6.7 515882
2018-01-12_18-29-54 113.3 6.7 515882
2018-01-12_18-29-55 113.3 6.7 515882
2018-01-12_18-29-56 106.7 6.7 515882
2018-01-12_18-29-57 106.7 6.7 515882
2018-01-12_18-29-59 106.7 6.7 515882
2018-01-12_18-30-00 106.7 6.7 515882
2018-01-12_18-30-01 106.7 6.7 515882
2018-01-12_18-30-02 106.7 6.7 515882
2018-01-12_18-30-03 113.3 6.7 515882
2018-01-12_18-30-04 113.3 6.7 515882
2018-01-12_18-30-06 113.3 6.7 515882
2018-01-12_18-30-07 106.7 6.7 515882
2018-01-12_18-30-08 100.0 6.7 515882
2018-01-12_18-30-09 113.3 6.7 515882
2018-01-12_18-30-10 106.7 6.7 515882
2018-01-12_18-30-11 660.0 6.7 515882
2018-01-12_18-30-13 3960 6.7 515882
2018-01-12_18-30-14 4247 6.8 515882
2018-01-12_18-30-15 3927 6.9 515882
2018-01-12_18-30-16 160.0 7.1 515882
2018-01-12_18-30-17 713.3 7.3 515882
2018-01-12_18-30-19 160.0 7.5 515882
2018-01-12_18-30-20 886.7 7.6 515882
2018-01-12_18-30-21 5200 7.6 515882
2018-01-12_18-30-22 4653 7.6 515882
2018-01-12_18-30-23 5240 7.6 515882
2018-01-12_18-30-25 4840 7.6 515882
2018-01-12_18-30-26 5133 7.6 515882
2018-01-12_18-30-27 5160 7.6 515882
2018-01-12_18-30-28 5240 7.6 515882
2018-01-12_18-30-29 5320 7.6 515882
2018-01-12_18-30-31 5207 7.6 515882
2018-01-12_18-30-32 5193 7.6 515882
2018-01-12_18-30-33 5307 7.6 515882
2018-01-12_18-30-34 5187 7.6 515882
2018-01-12_18-30-35 4656 7.6 515882
2018-01-12_18-30-37 4669 7.6 515882
2018-01-12_18-30-38 5120 7.6 515882
2018-01-12_18-30-39 5307 7.6 515882
2018-01-12_18-30-40 5240 7.6 515882
2018-01-12_18-30-41 5233 7.6 515882
2018-01-12_18-30-43 5320 7.6 515882
2018-01-12_18-30-44 5347 7.6 515882
2018-01-12_18-30-45 5220 7.6 515882
2018-01-12_18-30-46 5140 7.6 515882
2018-01-12_18-30-47 5147 7.6 515882
2018-01-12_18-30-49 4967 7.6 515882
2018-01-12_18-30-50 5133 7.6 515882
2018-01-12_18-30-51 5327 7.6 515882
2018-01-12_18-30-52 5087 7.7 515882
2018-01-12_18-30-53 5080 7.7 515882
2018-01-12_18-30-55 5020 7.7 515882
2018-01-12_18-30-56 4638 7.7 515882
2018-01-12_18-30-57 4838 7.7 515882
2018-01-12_18-30-58 4967 7.7 515882
2018-01-12_18-31-00 5100 7.7 515882
2018-01-12_18-31-01 4913 7.7 515882
2018-01-12_18-31-02 5200 7.7 515882
2018-01-12_18-31-03 5273 7.7 515882
2018-01-12_18-31-04 5347 7.7 515882
2018-01-12_18-31-06 5293 7.7 515882
2018-01-12_18-31-07 1575 7.7 515882
2018-01-12_18-31-08 4944 7.7 515882
2018-01-12_18-31-09 4940 7.7 515882
2018-01-12_18-31-10 4612 7.7 515882
2018-01-12_18-31-12 5233 7.7 515882
2018-01-12_18-31-13 4940 7.7 515882
2018-01-12_18-31-14 5060 7.7 515882
2018-01-12_18-31-15 5127 7.7 515882
2018-01-12_18-31-16 4833 7.7 515882
2018-01-12_18-31-18 5200 7.7 515882
2018-01-12_18-31-19 5307 7.7 515882
2018-01-12_18-31-20 5267 7.7 515882
2018-01-12_18-31-21 5413 7.7 515882
2018-01-12_18-31-23 5393 7.7 515882
2018-01-12_18-31-24 5447 7.7 515882
2018-01-12_18-31-25 5373 7.7 515882
2018-01-12_18-31-26 5347 7.7 515882
2018-01-12_18-31-27 1127 7.7 515882
2018-01-12_18-31-29 5167 7.7 515882
2018-01-12_18-31-30 5187 7.7 515882
2018-01-12_18-31-31 773.3 7.7 515882
2018-01-12_18-31-32 5227 7.7 515882
2018-01-12_18-31-33 5273 7.7 515882
2018-01-12_18-31-35 1440 7.7 515882
2018-01-12_18-31-36 5460 7.7 515882
2018-01-12_18-31-37 5167 7.7 515882
2018-01-12_18-31-38 2633 7.7 515882
2018-01-12_18-31-39 5320 7.7 515882
2018-01-12_18-31-40 4547 7.7 515882
2018-01-12_18-31-42 5100 7.7 515882
2018-01-12_18-31-43 5253 7.7 515882
2018-01-12_18-31-44 5293 7.7 515882
2018-01-12_18-31-45 4888 7.7 515882
2018-01-12_18-31-47 5153 7.7 515882
2018-01-12_18-31-48 5373 7.7 515882
2018-01-12_18-31-49 4981 7.7 515882
2018-01-12_18-31-50 5160 7.7 515882
2018-01-12_18-31-51 5313 7.7 515882
2018-01-12_18-31-53 5260 7.7 515882
2018-01-12_18-31-54 5320 7.7 515882
2018-01-12_18-31-55 4960 7.7 515882
2018-01-12_18-31-56 4894 7.7 515882
2018-01-12_18-31-57 5307 7.7 515882
2018-01-12_18-31-59 5267 7.7 515882
2018-01-12_18-32-00 5187 7.7 515882
2018-01-12_18-32-01 5327 7.7 515882
2018-01-12_18-32-02 800.0 7.7 515882
2018-01-12_18-32-03 4987 7.7 515882
2018-01-12_18-32-05 5233 7.7 515882
2018-01-12_18-32-06 433.3 7.7 515882
2018-01-12_18-32-07 4731 7.7 515882
2018-01-12_18-32-08 5027 7.7 515882
2018-01-12_18-32-09 1613 7.7 515882
2018-01-12_18-32-11 4280 7.7 515882
2018-01-12_18-32-12 5273 7.7 515882
2018-01-12_18-32-13 4960 7.7 515882
2018-01-12_18-32-14 4894 7.7 515882
2018-01-12_18-32-15 5180 7.7 515882
2018-01-12_18-32-17 5012 7.7 515882
2018-01-12_18-32-18 5187 7.7 515882
2018-01-12_18-32-19 4944 7.7 515882
2018-01-12_18-32-20 5400 7.7 515882
2018-01-12_18-32-21 5293 7.7 515882
2018-01-12_18-32-23 5173 7.7 515882
2018-01-12_18-32-24 4888 7.7 515882
2018-01-12_18-32-25 4962 7.7 515882
2018-01-12_18-32-26 5280 7.7 515882
2018-01-12_18-32-27 5194 7.7 515882
2018-01-12_18-32-29 5247 7.7 515882
2018-01-12_18-32-30 1433 7.7 515882
2018-01-12_18-32-31 4987 7.7 515882
2018-01-12_18-32-32 5220 7.7 515882
2018-01-12_18-32-33 1193 7.7 515882
2018-01-12_18-32-35 5160 7.7 515882
2018-01-12_18-32-36 5087 7.7 515882
2018-01-12_18-32-37 2413 7.7 515882
2018-01-12_18-32-38 4953 7.7 515882
2018-01-12_18-32-39 5067 7.7 515882
2018-01-12_18-32-41 4675 7.7 515882
2018-01-12_18-32-42 4938 7.7 515882
2018-01-12_18-32-43 5093 7.7 515882
2018-01-12_18-32-44 5207 7.7 515882
2018-01-12_18-32-45 4688 7.7 515882
2018-01-12_18-32-47 5247 7.7 515882
2018-01-12_18-32-48 5153 7.7 515882
2018-01-12_18-32-49 5280 7.7 515882
2018-01-12_18-32-50 2800 7.7 515882
2018-01-12_18-32-51 5293 7.7 515882
2018-01-12_18-32-53 5347 7.7 515882
2018-01-12_18-32-54 1287 7.7 515882
2018-01-12_18-32-55 4927 7.7 515882
2018-01-12_18-32-56 5360 7.7 515882
2018-01-12_18-32-57 1887 7.7 515882
2018-01-12_18-32-59 5107 7.7 515882
2018-01-12_18-33-00 4906 7.7 515882
2018-01-12_18-33-01 5180 7.7 515882
2018-01-12_18-33-02 5340 7.7 515882
2018-01-12_18-33-03 5320 7.7 515882
2018-01-12_18-33-05 5140 7.7 515882
2018-01-12_18-33-06 5287 7.7 515882
2018-01-12_18-33-07 5220 7.7 515882
2018-01-12_18-33-08 5233 7.7 515882
2018-01-12_18-33-09 5193 7.7 515882
2018-01-12_18-33-11 4607 7.7 515882
2018-01-12_18-33-12 4869 7.7 515882
2018-01-12_18-33-13 5260 7.7 515882
2018-01-12_18-33-14 5327 7.7 515882
2018-01-12_18-33-15 5307 7.7 515882
2018-01-12_18-33-17 5107 7.7 515882
2018-01-12_18-33-18 1313 7.7 515882
2018-01-12_18-33-19 5287 7.7 515882
2018-01-12_18-33-20 5360 7.7 515882
2018-01-12_18-33-21 1453 7.7 515882
2018-01-12_18-33-23 4967 7.7 515882
2018-01-12_18-33-24 5240 7.7 515882
2018-01-12_18-33-25 1320 7.7 515882
2018-01-12_18-33-26 5307 7.7 515882
2018-01-12_18-33-27 5193 7.7 515882
2018-01-12_18-33-29 2173 7.7 515882
2018-01-12_18-33-30 5067 7.7 515882
2018-01-12_18-33-31 5253 7.7 515882
2018-01-12_18-33-32 3513 7.7 515882
2018-01-12_18-33-33 5200 7.7 515882
2018-01-12_18-33-35 5347 7.7 515882
2018-01-12_18-33-36 5247 7.7 515882
2018-01-12_18-33-37 5013 7.7 515882
2018-01-12_18-33-38 5033 7.7 515882
2018-01-12_18-33-39 5047 7.7 515882
2018-01-12_18-33-41 5247 7.7 515882
2018-01-12_18-33-42 5327 7.7 515882
2018-01-12_18-33-43 4967 7.7 515882
2018-01-12_18-33-44 4881 7.7 515882
2018-01-12_18-33-45 2073 7.7 515882
2018-01-12_18-33-47 4906 7.7 515882
2018-01-12_18-33-48 4944 7.7 515882
2018-01-12_18-33-49 1853 7.7 515882
2018-01-12_18-33-50 5087 7.7 515882
2018-01-12_18-33-51 5220 7.7 515882
2018-01-12_18-33-53 4433 7.7 515882
2018-01-12_18-33-54 5247 7.7 515882
2018-01-12_18-33-55 4825 7.7 515882
2018-01-12_18-33-56 5300 7.7 515882
2018-01-12_18-33-57 4875 7.7 515882
2018-01-12_18-33-59 4993 7.7 515882
2018-01-12_18-34-00 5353 7.7 515882
2018-01-12_18-34-01 5280 7.7 515882
2018-01-12_18-34-02 5000 7.7 515882
2018-01-12_18-34-04 5233 7.7 515882
2018-01-12_18-34-05 5140 7.7 515882
2018-01-12_18-34-06 5273 7.7 515882
2018-01-12_18-34-07 5267 7.7 515882
2018-01-12_18-34-08 5193 7.7 515882
2018-01-12_18-34-10 1887 7.7 515882
2018-01-12_18-34-11 5040 7.7 515882
2018-01-12_18-34-12 5187 7.7 515882
2018-01-12_18-34-13 3707 7.7 515882
2018-01-12_18-34-14 5073 7.7 515882
2018-01-12_18-34-16 5307 7.7 515882
2018-01-12_18-34-17 5193 7.7 515882
2018-01-12_18-34-18 4919 7.7 515882
2018-01-12_18-34-19 4713 7.7 515882
2018-01-12_18-34-20 5019 7.7 515882
2018-01-12_18-34-22 4931 7.7 515882
2018-01-12_18-34-23 5153 7.7 515882
2018-01-12_18-34-24 5180 7.7 515882
2018-01-12_18-34-25 5107 7.7 515882
2018-01-12_18-34-26 4675 7.7 515882
2018-01-12_18-34-28 5220 7.7 515882
2018-01-12_18-34-29 4893 7.7 515882
2018-01-12_18-34-30 5300 7.7 515882
2018-01-12_18-34-31 5373 7.7 515882
2018-01-12_18-34-32 5253 7.7 515882
2018-01-12_18-34-34 2253 7.7 515882
2018-01-12_18-34-35 5287 7.7 515882
2018-01-12_18-34-36 4944 7.7 515882
2018-01-12_18-34-37 1440 7.7 515882
2018-01-12_18-34-38 5300 7.7 515882
2018-01-12_18-34-40 5153 7.7 515882
2018-01-12_18-34-41 1620 7.7 515882
2018-01-12_18-34-42 5373 7.7 515882
2018-01-12_18-34-43 5267 7.7 515882
2018-01-12_18-34-44 4393 7.7 515882
2018-01-12_18-34-46 5333 7.7 515882
2018-01-12_18-34-47 5347 7.7 515882
2018-01-12_18-34-48 5313 7.7 515882
2018-01-12_18-34-49 5240 7.7 515882
2018-01-12_18-34-50 5240 7.7 515882
2018-01-12_18-34-52 5107 7.7 515882
2018-01-12_18-34-53 5093 7.7 515882
2018-01-12_18-34-54 4540 7.7 515882
2018-01-12_18-34-55 5227 7.7 515882
2018-01-12_18-34-56 5193 7.7 515882
2018-01-12_18-34-58 2160 7.7 515882
2018-01-12_18-34-59 5160 7.7 515882
2018-01-12_18-35-00 5160 7.7 515882
2018-01-12_18-35-01 1393 7.7 515882
2018-01-12_18-35-02 5267 7.7 515882
2018-01-12_18-35-04 5260 7.7 515882
2018-01-12_18-35-05 3380 7.7 515882
2018-01-12_18-35-06 5273 7.7 515882
2018-01-12_18-35-07 5233 7.7 515882
2018-01-12_18-35-08 5320 7.7 515882
2018-01-12_18-35-10 4520 7.7 515882
2018-01-12_18-35-11 5273 7.7 515882
2018-01-12_18-35-12 5427 7.7 515882
2018-01-12_18-35-13 5320 7.7 515882
2018-01-12_18-35-14 5060 7.7 515882
2018-01-12_18-35-16 5160 7.7 515882
2018-01-12_18-35-17 5153 7.7 515882
2018-01-12_18-35-18 4993 7.7 515882
2018-01-12_18-35-19 5093 7.7 515882
2018-01-12_18-35-20 5200 7.7 515882
2018-01-12_18-35-22 1753 7.7 515882
2018-01-12_18-35-23 4950 7.7 515882
2018-01-12_18-35-24 5227 7.7 515882
2018-01-12_18-35-25 1233 7.7 515882
2018-01-12_18-35-26 5025 7.7 515882
2018-01-12_18-35-28 5227 7.7 515882
2018-01-12_18-35-29 646.7 7.7 515882
2018-01-12_18-35-30 4807 7.7 515882
2018-01-12_18-35-31 5173 7.7 515882
2018-01-12_18-35-32 943.8 7.7 515882
2018-01-12_18-35-34 5273 7.7 515882
2018-01-12_18-35-35 5153 7.7 515882
2018-01-12_18-35-36 2413 7.7 515882
2018-01-12_18-35-37 5213 7.7 515882
2018-01-12_18-35-38 5093 7.7 515882
2018-01-12_18-35-40 5193 7.7 515882
2018-01-12_18-35-41 5240 7.7 515882
2018-01-12_18-35-42 5220 7.7 515882
2018-01-12_18-35-43 5280 7.7 515882
2018-01-12_18-35-44 5167 7.7 515882
2018-01-12_18-35-46 5000 7.7 515882
2018-01-12_18-35-47 5147 7.7 515882
2018-01-12_18-35-48 5160 7.7 515882
2018-01-12_18-35-49 3127 7.7 515882
2018-01-12_18-35-50 4731 7.7 515882
2018-01-12_18-35-52 4827 7.7 515882
2018-01-12_18-35-53 1707 7.7 515882
2018-01-12_18-35-54 5253 7.7 515882
2018-01-12_18-35-55 5153 7.7 515882
2018-01-12_18-35-56 213.3 7.7 515882
2018-01-12_18-35-58 5367 7.7 515882
2018-01-12_18-35-59 5333 7.7 515882
2018-01-12_18-36-00 2027 7.7 515882
2018-01-12_18-36-01 4056 7.7 515882
2018-01-12_18-36-02 5220 7.7 515882
2018-01-12_18-36-04 1893 7.7 515882
2018-01-12_18-36-05 5233 7.7 515882
2018-01-12_18-36-06 4906 7.7 515882
2018-01-12_18-36-07 5413 7.7 515882
2018-01-12_18-36-08 5307 7.7 515882
2018-01-12_18-36-10 5180 7.7 515882
2018-01-12_18-36-11 5227 7.7 515882
2018-01-12_18-36-12 5293 7.7 515882
2018-01-12_18-36-13 5240 7.7 515882
2018-01-12_18-36-14 5260 7.7 515882
2018-01-12_18-36-16 5227 7.7 515882
2018-01-12_18-36-17 1120 7.7 515882
2018-01-12_18-36-18 5200 7.7 515882
2018-01-12_18-36-19 5287 7.7 515882
2018-01-12_18-36-20 1593 7.7 515882
2018-01-12_18-36-22 5127 7.7 515882
2018-01-12_18-36-23 5167 7.7 515882
2018-01-12_18-36-24 4993 7.7 515882
2018-01-12_18-36-25 5327 7.7 515882
2018-01-12_18-36-26 5387 7.7 515882
2018-01-12_18-36-28 4956 7.7 515882
2018-01-12_18-36-29 5033 7.7 515882
2018-01-12_18-36-30 5147 7.7 515882
2018-01-12_18-36-31 4431 7.7 515882
2018-01-12_18-36-32 5347 7.7 515882
2018-01-12_18-36-34 5180 7.7 515882
2018-01-12_18-36-35 4994 7.7 515882
2018-01-12_18-36-36 5420 7.7 515882
2018-01-12_18-36-37 3150 7.7 515882
2018-01-12_18-36-38 113.3 7.7 515882
2018-01-12_18-36-40 126.7 7.7 515882
2018-01-12_18-36-41 106.7 7.7 515882
2018-01-12_18-36-42 113.3 7.7 515882
2018-01-12_18-36-43 113.3 7.7 515882
2018-01-12_18-36-44 106.7 7.7 515882
2018-01-12_18-36-45 113.3 7.7 515882
2018-01-12_18-36-47 120.0 7.7 515882
2018-01-12_18-36-48 113.3 7.7 515882
2018-01-12_18-36-49 113.3 7.7 515882
2018-01-12_18-36-50 100.0 7.7 515882
2018-01-12_18-36-51 106.7 7.7 515882
2018-01-12_18-36-52 106.7 7.7 515882
2018-01-12_18-36-54 113.3 7.7 515882
2018-01-12_18-36-55 106.7 7.7 515882
2018-01-12_18-36-56 113.3 7.7 515882
2018-01-12_18-36-57 113.3 7.7 515882
2018-01-12_18-36-58 113.3 7.7 515882
2018-01-12_18-36-59 113.3 7.7 515882
2018-01-12_18-37-01 106.7 7.7 515882
2018-01-12_18-37-02 113.3 7.7 515882
2018-01-12_18-37-03 113.3 7.7 515882
2018-01-12_18-37-04 106.7 7.7 515882
2018-01-12_18-37-05 113.3 7.7 515882
2018-01-12_18-37-06 106.7 7.7 515882
2018-01-12_18-37-08 106.7 7.7 515882
2018-01-12_18-37-09 106.7 7.7 515882
2018-01-12_18-37-10 106.7 7.6 515882
2018-01-12_18-37-11 106.7 7.6 515882
2018-01-12_18-37-12 100.0 7.6 515882
2018-01-12_18-37-13 100.0 7.6 515882
2018-01-12_18-37-15 100.0 7.6 515882
2018-01-12_18-37-16 100.0 7.6 515882
2018-01-12_18-37-17 100.0 7.6 515882
2018-01-12_18-37-18 100.0 7.6 515882
2018-01-12_18-37-19 93.3 7.6 515882
2018-01-12_18-37-20 93.3 7.6 515882
2018-01-12_18-37-22 100.0 7.6 515882
2018-01-12_18-37-23 106.7 7.5 515882
2018-01-12_18-37-24 100.0 7.5 515882
2018-01-12_18-37-25 106.7 7.4 515882
2018-01-12_18-37-26 100.0 7.4 515882
2018-01-12_18-37-27 100.0 7.4 515882
2018-01-12_18-37-29 100.0 7.3 515882
2018-01-12_18-37-30 106.7 7.3 515882
2018-01-12_18-37-31 100.0 6.8 515882
2018-01-12_18-37-32 100.0 6.8 515882
2018-01-12_18-37-33 93.3 0.0 515882
2018-01-12_18-37-34 86.7 0.0 515882
2018-01-12_18-37-36 100.0 0.0 515882
