2018-01-10_21-55-52 93.3 0.0 515882
2018-01-10_21-55-53 56.2 0.0 515882
2018-01-10_21-55-54 93.3 0.0 515882
2018-01-10_21-55-54 100.0 0.0 515882
2018-01-10_21-55-55 93.3 0.0 515882
2018-01-10_21-55-56 100.0 0.0 515882
2018-01-10_21-55-56 100.0 0.0 515882
2018-01-10_21-55-57 93.3 0.0 515882
2018-01-10_21-55-58 93.3 0.0 515882
2018-01-10_21-55-58 100.0 0.1 515882
2018-01-10_21-55-59 100.0 0.1 515882
2018-01-10_21-56-00 87.5 0.1 515882
2018-01-10_21-56-00 100.0 0.1 515882
2018-01-10_21-56-01 100.0 0.1 515882
2018-01-10_21-56-02 93.3 0.1 515882
2018-01-10_21-56-02 100.0 0.1 515882
2018-01-10_21-56-03 100.0 0.1 515882
2018-01-10_21-56-04 93.3 0.1 515882
2018-01-10_21-56-04 100.0 0.1 515882
2018-01-10_21-56-05 100.0 0.1 515882
2018-01-10_21-56-06 93.3 0.1 515882
2018-01-10_21-56-06 100.0 0.1 515882
2018-01-10_21-56-07 93.3 0.1 515882
2018-01-10_21-56-08 93.3 0.2 515882
2018-01-10_21-56-08 100.0 0.2 515882
2018-01-10_21-56-09 106.7 0.3 515882
2018-01-10_21-56-10 40.0 0.3 515882
2018-01-10_21-56-10 93.3 0.3 515882
2018-01-10_21-56-11 100.0 0.3 515882
2018-01-10_21-56-12 173.3 0.3 515882
2018-01-10_21-56-12 73.3 0.4 515882
2018-01-10_21-56-13 120.0 0.5 515882
2018-01-10_21-56-14 186.7 0.6 515882
2018-01-10_21-56-14 100.0 0.7 515882
2018-01-10_21-56-15 2813 0.7 515882
2018-01-10_21-56-16 106.7 0.7 515882
2018-01-10_21-56-16 620.0 0.7 515882
2018-01-10_21-56-17 93.3 0.7 515882
2018-01-10_21-56-18 60.0 0.8 515882
2018-01-10_21-56-19 3519 0.8 515882
2018-01-10_21-56-19 1293 0.8 515882
2018-01-10_21-56-20 3573 0.8 515882
2018-01-10_21-56-21 2593 0.8 515882
2018-01-10_21-56-21 1638 0.8 515882
2018-01-10_21-56-22 4147 0.8 515882
2018-01-10_21-56-23 1567 0.8 515882
2018-01-10_21-56-23 3625 0.8 515882
2018-01-10_21-56-24 4193 0.8 515882
2018-01-10_21-56-25 2487 0.8 515882
2018-01-10_21-56-25 106.7 0.9 515882
2018-01-10_21-56-26 2587 1.0 515882
2018-01-10_21-56-27 2147 1.0 515882
2018-01-10_21-56-28 3467 1.0 515882
2018-01-10_21-56-28 1973 1.0 515882
2018-01-10_21-56-29 3620 1.0 515882
2018-01-10_21-56-30 3147 1.0 515882
2018-01-10_21-56-30 4012 1.0 515882
2018-01-10_21-56-31 3913 1.0 515882
2018-01-10_21-56-32 2867 1.0 515882
2018-01-10_21-56-32 2360 1.0 515882
2018-01-10_21-56-33 3847 1.0 515882
2018-01-10_21-56-34 3780 1.0 515882
2018-01-10_21-56-35 3238 1.0 515882
2018-01-10_21-56-35 2287 1.0 515882
2018-01-10_21-56-36 3133 1.0 515882
2018-01-10_21-56-37 106.7 1.0 515882
2018-01-10_21-56-37 100.0 0.7 515882
2018-01-10_21-56-38 86.7 0.0 515882
