2018-01-10_21-56-39 46.7 0.0 515882
2018-01-10_21-56-40 62.5 0.0 515882
2018-01-10_21-56-41 93.3 0.0 515882
2018-01-10_21-56-41 100.0 0.0 515882
2018-01-10_21-56-42 93.3 0.0 515882
2018-01-10_21-56-43 100.0 0.0 515882
2018-01-10_21-56-43 100.0 0.0 515882
2018-01-10_21-56-44 100.0 0.0 515882
2018-01-10_21-56-45 100.0 0.0 515882
2018-01-10_21-56-45 100.0 0.1 515882
2018-01-10_21-56-46 93.3 0.1 515882
2018-01-10_21-56-47 100.0 0.1 515882
2018-01-10_21-56-47 100.0 0.1 515882
2018-01-10_21-56-48 93.3 0.1 515882
2018-01-10_21-56-49 100.0 0.1 515882
2018-01-10_21-56-49 93.3 0.1 515882
2018-01-10_21-56-50 100.0 0.1 515882
2018-01-10_21-56-51 100.0 0.1 515882
2018-01-10_21-56-51 93.3 0.1 515882
2018-01-10_21-56-52 100.0 0.1 515882
2018-01-10_21-56-53 100.0 0.1 515882
2018-01-10_21-56-53 100.0 0.1 515882
2018-01-10_21-56-54 100.0 0.1 515882
2018-01-10_21-56-55 93.3 0.1 515882
2018-01-10_21-56-55 100.0 0.1 515882
2018-01-10_21-56-56 100.0 0.1 515882
2018-01-10_21-56-57 100.0 0.1 515882
2018-01-10_21-56-57 100.0 0.1 515882
2018-01-10_21-56-58 93.3 0.1 515882
2018-01-10_21-56-59 100.0 0.1 515882
2018-01-10_21-56-59 100.0 0.1 515882
2018-01-10_21-57-00 100.0 0.1 515882
2018-01-10_21-57-01 93.3 0.1 515882
2018-01-10_21-57-01 100.0 0.1 515882
2018-01-10_21-57-02 93.3 0.1 515882
2018-01-10_21-57-03 100.0 0.1 515882
2018-01-10_21-57-03 100.0 0.1 515882
2018-01-10_21-57-04 100.0 0.1 515882
2018-01-10_21-57-05 100.0 0.1 515882
2018-01-10_21-57-05 93.3 0.2 515882
2018-01-10_21-57-06 93.3 0.2 515882
2018-01-10_21-57-07 93.3 0.2 515882
2018-01-10_21-57-07 100.0 0.2 515882
2018-01-10_21-57-08 93.3 0.2 515882
2018-01-10_21-57-09 81.2 0.2 515882
2018-01-10_21-57-10 106.7 0.4 515882
2018-01-10_21-57-10 100.0 0.4 515882
2018-01-10_21-57-11 106.7 0.4 515882
2018-01-10_21-57-12 106.7 0.4 515882
2018-01-10_21-57-12 100.0 0.5 515882
2018-01-10_21-57-13 106.7 0.5 515882
2018-01-10_21-57-14 93.8 0.5 515882
2018-01-10_21-57-14 53.3 0.5 515882
2018-01-10_21-57-15 106.7 0.5 515882
2018-01-10_21-57-16 113.3 0.5 515882
2018-01-10_21-57-16 100.0 0.5 515882
2018-01-10_21-57-17 100.0 0.5 515882
2018-01-10_21-57-18 100.0 0.5 515882
2018-01-10_21-57-18 100.0 0.5 515882
2018-01-10_21-57-19 153.3 0.7 515882
2018-01-10_21-57-20 66.7 0.7 515882
2018-01-10_21-57-20 4507 0.9 515882
2018-01-10_21-57-21 125.0 0.9 515882
2018-01-10_21-57-22 93.3 0.9 515882
2018-01-10_21-57-22 100.0 0.9 515882
2018-01-10_21-57-23 100.0 0.9 515882
2018-01-10_21-57-24 540.0 0.9 515882
2018-01-10_21-57-24 106.7 0.9 515882
2018-01-10_21-57-25 120.0 0.9 515882
2018-01-10_21-57-26 100.0 0.9 515882
2018-01-10_21-57-26 106.7 0.9 515882
2018-01-10_21-57-27 100.0 1.0 515882
2018-01-10_21-57-28 113.3 1.1 515882
2018-01-10_21-57-28 113.3 1.2 515882
2018-01-10_21-57-29 2594 1.2 515882
2018-01-10_21-57-30 2700 1.2 515882
2018-01-10_21-57-31 3850 1.2 515882
2018-01-10_21-57-31 2613 1.2 515882
2018-01-10_21-57-32 3993 1.2 515882
2018-01-10_21-57-33 3340 1.2 515882
2018-01-10_21-57-33 3887 1.3 515882
2018-01-10_21-57-34 4840 1.3 515882
2018-01-10_21-57-35 4887 1.3 515882
2018-01-10_21-57-35 5033 1.3 515882
2018-01-10_21-57-36 2167 1.3 515882
2018-01-10_21-57-37 2327 1.3 515882
2018-01-10_21-57-38 4847 1.3 515882
2018-01-10_21-57-38 3967 1.3 515882
2018-01-10_21-57-39 2400 1.3 515882
2018-01-10_21-57-40 2767 1.3 515882
2018-01-10_21-57-40 2560 1.3 515882
2018-01-10_21-57-41 1067 1.3 515882
2018-01-10_21-57-42 540.0 1.3 515882
2018-01-10_21-57-42 4707 1.3 515882
2018-01-10_21-57-43 2067 1.3 515882
2018-01-10_21-57-44 4538 1.3 515882
2018-01-10_21-57-45 2380 1.3 515882
2018-01-10_21-57-45 1040 1.3 515882
2018-01-10_21-57-46 4267 1.3 515882
2018-01-10_21-57-47 1773 1.3 515882
2018-01-10_21-57-47 2820 1.3 515882
2018-01-10_21-57-48 3893 1.3 515882
2018-01-10_21-57-49 5073 1.3 515882
2018-01-10_21-57-49 1700 1.3 515882
2018-01-10_21-57-50 3367 1.3 515882
2018-01-10_21-57-51 3993 1.4 515882
2018-01-10_21-57-52 4613 1.4 515882
2018-01-10_21-57-52 3713 1.4 515882
2018-01-10_21-57-53 4547 1.4 515882
2018-01-10_21-57-54 3967 1.4 515882
2018-01-10_21-57-54 1953 1.4 515882
2018-01-10_21-57-55 120.0 1.4 515882
2018-01-10_21-57-56 5007 1.4 515882
2018-01-10_21-57-56 4400 1.4 515882
2018-01-10_21-57-57 4600 1.4 515882
2018-01-10_21-57-58 4813 1.4 515882
2018-01-10_21-57-58 4813 1.4 515882
2018-01-10_21-57-59 106.7 1.4 515882
2018-01-10_21-58-00 106.7 1.4 515882
2018-01-10_21-58-01 100.0 1.0 515882
2018-01-10_21-58-01 100.0 1.0 515882
2018-01-10_21-58-02 93.3 0.0 515882
