2018-01-10_22-00-45 53.3 0.0 515882
2018-01-10_22-00-46 73.3 0.0 515882
2018-01-10_22-00-47 100.0 0.0 515882
2018-01-10_22-00-47 100.0 0.0 515882
2018-01-10_22-00-48 100.0 0.0 515882
2018-01-10_22-00-49 100.0 0.0 515882
2018-01-10_22-00-49 100.0 0.0 515882
2018-01-10_22-00-50 100.0 0.0 515882
2018-01-10_22-00-51 100.0 0.0 515882
2018-01-10_22-00-52 93.3 0.1 515882
2018-01-10_22-00-52 100.0 0.1 515882
2018-01-10_22-00-53 93.3 0.1 515882
2018-01-10_22-00-54 100.0 0.1 515882
2018-01-10_22-00-54 93.3 0.1 515882
2018-01-10_22-00-55 100.0 0.1 515882
2018-01-10_22-00-56 100.0 0.1 515882
2018-01-10_22-00-56 100.0 0.1 515882
2018-01-10_22-00-57 100.0 0.1 515882
2018-01-10_22-00-58 93.3 0.1 515882
2018-01-10_22-00-58 100.0 0.1 515882
2018-01-10_22-00-59 93.8 0.1 515882
2018-01-10_22-01-00 100.0 0.1 515882
2018-01-10_22-01-00 93.3 0.1 515882
2018-01-10_22-01-01 100.0 0.1 515882
2018-01-10_22-01-02 100.0 0.1 515882
2018-01-10_22-01-02 100.0 0.1 515882
2018-01-10_22-01-03 100.0 0.1 515882
2018-01-10_22-01-04 100.0 0.1 515882
2018-01-10_22-01-04 93.3 0.1 515882
2018-01-10_22-01-05 100.0 0.1 515882
2018-01-10_22-01-06 100.0 0.1 515882
2018-01-10_22-01-06 93.3 0.1 515882
2018-01-10_22-01-07 100.0 0.1 515882
2018-01-10_22-01-08 100.0 0.1 515882
2018-01-10_22-01-08 100.0 0.1 515882
2018-01-10_22-01-09 100.0 0.1 515882
2018-01-10_22-01-10 100.0 0.1 515882
2018-01-10_22-01-10 100.0 0.1 515882
2018-01-10_22-01-11 100.0 0.1 515882
2018-01-10_22-01-12 93.3 0.1 515882
2018-01-10_22-01-12 93.8 0.1 515882
2018-01-10_22-01-13 93.3 0.1 515882
2018-01-10_22-01-14 100.0 0.1 515882
2018-01-10_22-01-14 100.0 0.1 515882
2018-01-10_22-01-15 100.0 0.1 515882
2018-01-10_22-01-16 100.0 0.1 515882
2018-01-10_22-01-16 100.0 0.2 515882
2018-01-10_22-01-17 100.0 0.2 515882
2018-01-10_22-01-18 93.3 0.2 515882
2018-01-10_22-01-18 100.0 0.2 515882
2018-01-10_22-01-19 100.0 0.2 515882
2018-01-10_22-01-20 100.0 0.2 515882
2018-01-10_22-01-20 100.0 0.2 515882
2018-01-10_22-01-21 100.0 0.2 515882
2018-01-10_22-01-22 100.0 0.2 515882
2018-01-10_22-01-22 100.0 0.2 515882
2018-01-10_22-01-23 100.0 0.2 515882
2018-01-10_22-01-24 93.3 0.2 515882
2018-01-10_22-01-24 100.0 0.2 515882
2018-01-10_22-01-25 100.0 0.2 515882
2018-01-10_22-01-26 100.0 0.2 515882
2018-01-10_22-01-26 100.0 0.2 515882
2018-01-10_22-01-27 100.0 0.2 515882
2018-01-10_22-01-28 100.0 0.2 515882
2018-01-10_22-01-28 100.0 0.2 515882
2018-01-10_22-01-29 100.0 0.2 515882
2018-01-10_22-01-30 100.0 0.2 515882
2018-01-10_22-01-30 100.0 0.2 515882
2018-01-10_22-01-31 100.0 0.2 515882
2018-01-10_22-01-32 100.0 0.2 515882
2018-01-10_22-01-32 100.0 0.2 515882
2018-01-10_22-01-33 100.0 0.2 515882
2018-01-10_22-01-34 100.0 0.2 515882
2018-01-10_22-01-34 100.0 0.2 515882
2018-01-10_22-01-35 100.0 0.2 515882
2018-01-10_22-01-36 100.0 0.2 515882
2018-01-10_22-01-36 100.0 0.2 515882
2018-01-10_22-01-37 93.3 0.2 515882
2018-01-10_22-01-38 93.3 0.2 515882
2018-01-10_22-01-39 100.0 0.2 515882
2018-01-10_22-01-39 100.0 0.2 515882
2018-01-10_22-01-40 100.0 0.3 515882
2018-01-10_22-01-41 93.3 0.3 515882
2018-01-10_22-01-41 100.0 0.3 515882
2018-01-10_22-01-42 100.0 0.3 515882
2018-01-10_22-01-43 100.0 0.3 515882
2018-01-10_22-01-43 100.0 0.3 515882
2018-01-10_22-01-44 100.0 0.3 515882
2018-01-10_22-01-45 93.3 0.3 515882
2018-01-10_22-01-45 93.3 0.3 515882
2018-01-10_22-01-46 93.3 0.3 515882
2018-01-10_22-01-47 100.0 0.3 515882
2018-01-10_22-01-47 93.3 0.3 515882
2018-01-10_22-01-48 100.0 0.3 515882
2018-01-10_22-01-49 100.0 0.3 515882
2018-01-10_22-01-49 100.0 0.3 515882
2018-01-10_22-01-50 93.3 0.3 515882
2018-01-10_22-01-51 93.3 0.3 515882
2018-01-10_22-01-51 100.0 0.3 515882
2018-01-10_22-01-52 93.3 0.3 515882
2018-01-10_22-01-53 100.0 0.3 515882
2018-01-10_22-01-53 93.3 0.3 515882
2018-01-10_22-01-54 100.0 0.3 515882
2018-01-10_22-01-55 93.3 0.3 515882
2018-01-10_22-01-55 87.5 0.3 515882
2018-01-10_22-01-56 100.0 0.3 515882
2018-01-10_22-01-57 93.3 0.3 515882
2018-01-10_22-01-57 93.3 0.3 515882
2018-01-10_22-01-58 93.3 0.3 515882
2018-01-10_22-01-59 100.0 0.3 515882
2018-01-10_22-01-59 100.0 0.3 515882
2018-01-10_22-02-00 100.0 0.3 515882
2018-01-10_22-02-01 93.3 0.3 515882
2018-01-10_22-02-01 100.0 0.3 515882
2018-01-10_22-02-02 100.0 0.3 515882
2018-01-10_22-02-03 100.0 0.3 515882
2018-01-10_22-02-03 100.0 0.3 515882
2018-01-10_22-02-04 100.0 0.3 515882
2018-01-10_22-02-05 93.3 0.4 515882
2018-01-10_22-02-05 87.5 0.4 515882
2018-01-10_22-02-06 100.0 0.4 515882
2018-01-10_22-02-07 100.0 0.4 515882
2018-01-10_22-02-07 100.0 0.4 515882
2018-01-10_22-02-08 100.0 0.4 515882
2018-01-10_22-02-09 100.0 0.4 515882
2018-01-10_22-02-09 100.0 0.4 515882
2018-01-10_22-02-10 100.0 0.4 515882
2018-01-10_22-02-11 100.0 0.4 515882
2018-01-10_22-02-11 93.3 0.4 515882
2018-01-10_22-02-12 93.3 0.4 515882
2018-01-10_22-02-13 100.0 0.4 515882
2018-01-10_22-02-13 100.0 0.4 515882
2018-01-10_22-02-14 100.0 0.4 515882
2018-01-10_22-02-15 100.0 0.4 515882
2018-01-10_22-02-15 100.0 0.4 515882
2018-01-10_22-02-16 93.3 0.4 515882
2018-01-10_22-02-17 100.0 0.4 515882
2018-01-10_22-02-17 100.0 0.4 515882
2018-01-10_22-02-18 100.0 0.4 515882
2018-01-10_22-02-19 93.3 0.4 515882
2018-01-10_22-02-19 100.0 0.4 515882
2018-01-10_22-02-20 100.0 0.4 515882
2018-01-10_22-02-21 100.0 0.4 515882
2018-01-10_22-02-21 100.0 0.4 515882
2018-01-10_22-02-22 100.0 0.4 515882
2018-01-10_22-02-23 100.0 0.4 515882
2018-01-10_22-02-23 100.0 0.4 515882
2018-01-10_22-02-24 100.0 0.4 515882
2018-01-10_22-02-25 100.0 0.5 515882
2018-01-10_22-02-25 100.0 0.5 515882
2018-01-10_22-02-26 100.0 0.5 515882
2018-01-10_22-02-27 100.0 0.5 515882
2018-01-10_22-02-27 100.0 0.5 515882
2018-01-10_22-02-28 100.0 0.5 515882
2018-01-10_22-02-29 100.0 0.5 515882
2018-01-10_22-02-30 100.0 0.5 515882
2018-01-10_22-02-30 93.3 0.6 515882
2018-01-10_22-02-31 100.0 0.6 515882
2018-01-10_22-02-32 100.0 0.6 515882
2018-01-10_22-02-32 87.5 0.6 515882
2018-01-10_22-02-33 100.0 0.7 515882
2018-01-10_22-02-34 100.0 0.7 515882
2018-01-10_22-02-34 100.0 0.7 515882
2018-01-10_22-02-35 100.0 0.6 515882
2018-01-10_22-02-36 100.0 0.6 515882
2018-01-10_22-02-36 86.7 0.6 515882
2018-01-10_22-02-37 73.3 0.6 515882
2018-01-10_22-02-38 86.7 0.7 515882
2018-01-10_22-02-38 93.3 0.7 515882
2018-01-10_22-02-39 75.0 0.7 515882
2018-01-10_22-02-40 93.3 0.8 515882
2018-01-10_22-02-40 106.7 1.0 515882
2018-01-10_22-02-41 113.3 1.3 515882
2018-01-10_22-02-42 113.3 1.5 515882
2018-01-10_22-02-42 113.3 1.5 515882
2018-01-10_22-02-43 106.7 1.5 515882
2018-01-10_22-02-44 113.3 1.5 515882
2018-01-10_22-02-44 120.0 1.5 515882
2018-01-10_22-02-45 113.3 1.5 515882
2018-01-10_22-02-46 113.3 1.5 515882
2018-01-10_22-02-46 133.3 1.6 515882
2018-01-10_22-02-47 106.7 1.6 515882
2018-01-10_22-02-48 113.3 1.6 515882
2018-01-10_22-02-48 120.0 1.6 515882
2018-01-10_22-02-49 113.3 1.6 515882
2018-01-10_22-02-50 120.0 1.6 515882
2018-01-10_22-02-51 120.0 1.6 515882
2018-01-10_22-02-51 113.3 1.6 515882
2018-01-10_22-02-52 113.3 1.6 515882
2018-01-10_22-02-53 113.3 1.6 515882
2018-01-10_22-02-53 106.2 1.6 515882
2018-01-10_22-02-54 113.3 1.7 515882
2018-01-10_22-02-55 112.5 1.7 515882
2018-01-10_22-02-55 113.3 1.8 515882
2018-01-10_22-02-56 106.7 1.8 515882
2018-01-10_22-02-57 113.3 1.8 515882
2018-01-10_22-02-57 106.7 1.8 515882
2018-01-10_22-02-58 106.7 1.7 515882
2018-01-10_22-02-59 113.3 1.7 515882
2018-01-10_22-02-59 113.3 1.7 515882
2018-01-10_22-03-00 120.0 1.7 515882
2018-01-10_22-03-01 113.3 1.7 515882
2018-01-10_22-03-01 66.7 1.7 515882
2018-01-10_22-03-02 26.7 1.8 515882
2018-01-10_22-03-03 140.0 1.9 515882
2018-01-10_22-03-03 133.3 2.0 515882
2018-01-10_22-03-04 106.7 2.0 515882
2018-01-10_22-03-05 113.3 2.0 515882
2018-01-10_22-03-05 113.3 2.0 515882
2018-01-10_22-03-06 113.3 2.0 515882
2018-01-10_22-03-07 120.0 2.0 515882
2018-01-10_22-03-07 120.0 2.0 515882
2018-01-10_22-03-08 113.3 2.0 515882
2018-01-10_22-03-09 120.0 2.0 515882
2018-01-10_22-03-09 113.3 2.0 515882
2018-01-10_22-03-10 113.3 2.0 515882
2018-01-10_22-03-11 113.3 2.0 515882
2018-01-10_22-03-11 106.7 2.0 515882
2018-01-10_22-03-12 113.3 2.0 515882
2018-01-10_22-03-13 113.3 2.0 515882
2018-01-10_22-03-13 120.0 2.0 515882
2018-01-10_22-03-14 120.0 2.0 515882
2018-01-10_22-03-15 120.0 2.0 515882
2018-01-10_22-03-15 133.3 2.0 515882
2018-01-10_22-03-16 120.0 2.0 515882
2018-01-10_22-03-17 106.7 2.0 515882
2018-01-10_22-03-17 113.3 2.0 515882
2018-01-10_22-03-18 113.3 2.0 515882
2018-01-10_22-03-19 120.0 2.0 515882
2018-01-10_22-03-19 120.0 2.0 515882
2018-01-10_22-03-20 153.3 2.0 515882
2018-01-10_22-03-21 173.3 2.1 515882
2018-01-10_22-03-21 140.0 2.2 515882
2018-01-10_22-03-22 466.7 2.4 515882
2018-01-10_22-03-23 173.3 2.7 515882
2018-01-10_22-03-23 4360 2.7 515882
2018-01-10_22-03-24 113.3 2.7 515882
2018-01-10_22-03-25 120.0 2.7 515882
2018-01-10_22-03-26 113.3 2.7 515882
2018-01-10_22-03-26 106.7 2.7 515882
2018-01-10_22-03-27 120.0 2.7 515882
2018-01-10_22-03-28 100.0 2.7 515882
2018-01-10_22-03-28 113.3 2.7 515882
2018-01-10_22-03-29 113.3 2.7 515882
2018-01-10_22-03-30 120.0 2.7 515882
2018-01-10_22-03-30 106.7 2.7 515882
2018-01-10_22-03-31 126.7 2.7 515882
2018-01-10_22-03-32 120.0 2.7 515882
2018-01-10_22-03-32 113.3 2.7 515882
2018-01-10_22-03-33 126.7 2.7 515882
2018-01-10_22-03-34 113.3 2.7 515882
2018-01-10_22-03-34 113.3 2.7 515882
2018-01-10_22-03-35 120.0 2.7 515882
2018-01-10_22-03-36 120.0 2.7 515882
2018-01-10_22-03-36 106.7 2.7 515882
2018-01-10_22-03-37 113.3 2.7 515882
2018-01-10_22-03-38 113.3 2.7 515882
2018-01-10_22-03-38 4927 2.7 515882
2018-01-10_22-03-39 113.3 2.7 515882
2018-01-10_22-03-40 113.3 2.7 515882
2018-01-10_22-03-40 120.0 2.7 515882
2018-01-10_22-03-41 113.3 2.7 515882
2018-01-10_22-03-42 106.7 2.7 515882
2018-01-10_22-03-42 113.3 2.7 515882
2018-01-10_22-03-43 106.7 2.7 515882
2018-01-10_22-03-44 106.7 2.7 515882
2018-01-10_22-03-44 120.0 2.7 515882
2018-01-10_22-03-45 220.0 2.7 515882
2018-01-10_22-03-46 106.7 2.7 515882
2018-01-10_22-03-46 133.3 2.7 515882
2018-01-10_22-03-47 93.8 2.7 515882
2018-01-10_22-03-48 113.3 2.7 515882
2018-01-10_22-03-48 120.0 2.8 515882
2018-01-10_22-03-49 106.7 2.8 515882
2018-01-10_22-03-50 113.3 2.8 515882
2018-01-10_22-03-50 113.3 2.8 515882
2018-01-10_22-03-51 113.3 2.8 515882
2018-01-10_22-03-52 113.3 2.8 515882
2018-01-10_22-03-52 106.7 2.7 515882
2018-01-10_22-03-53 106.7 2.7 515882
2018-01-10_22-03-54 4787 2.8 515882
2018-01-10_22-03-55 160.0 2.9 515882
2018-01-10_22-03-55 153.3 3.0 515882
2018-01-10_22-03-56 150.0 3.1 515882
2018-01-10_22-03-57 153.3 3.3 515882
2018-01-10_22-03-57 260.0 3.4 515882
2018-01-10_22-03-58 160.0 3.5 515882
2018-01-10_22-03-59 146.7 3.6 515882
2018-01-10_22-03-59 325.0 3.6 515882
2018-01-10_22-04-00 5053 3.6 515882
2018-01-10_22-04-01 3773 3.6 515882
2018-01-10_22-04-01 3953 3.6 515882
2018-01-10_22-04-02 4967 3.7 515882
2018-01-10_22-04-03 1938 3.7 515882
2018-01-10_22-04-03 2673 3.7 515882
2018-01-10_22-04-04 4760 3.7 515882
2018-01-10_22-04-05 5153 3.7 515882
2018-01-10_22-04-06 3633 3.7 515882
2018-01-10_22-04-06 4800 3.7 515882
2018-01-10_22-04-07 5153 3.7 515882
2018-01-10_22-04-08 4987 3.7 515882
2018-01-10_22-04-08 126.7 3.7 515882
2018-01-10_22-04-09 5160 3.7 515882
2018-01-10_22-04-10 4953 3.7 515882
2018-01-10_22-04-11 3747 3.7 515882
2018-01-10_22-04-11 5127 3.7 515882
2018-01-10_22-04-12 4807 3.7 515882
2018-01-10_22-04-13 4827 3.7 515882
2018-01-10_22-04-13 1413 3.7 515882
2018-01-10_22-04-14 5007 3.7 515882
2018-01-10_22-04-15 5173 3.7 515882
2018-01-10_22-04-16 5060 3.7 515882
2018-01-10_22-04-16 380.0 3.7 515882
2018-01-10_22-04-17 5073 3.7 515882
2018-01-10_22-04-18 5180 3.7 515882
2018-01-10_22-04-18 4147 3.7 515882
2018-01-10_22-04-19 2181 3.7 515882
2018-01-10_22-04-20 5027 3.7 515882
2018-01-10_22-04-21 4844 3.7 515882
2018-01-10_22-04-21 4587 3.7 515882
2018-01-10_22-04-22 1356 3.7 515882
2018-01-10_22-04-23 5047 3.7 515882
2018-01-10_22-04-23 4950 3.7 515882
2018-01-10_22-04-24 5033 3.7 515882
2018-01-10_22-04-25 1093 3.7 515882
2018-01-10_22-04-26 5020 3.7 515882
2018-01-10_22-04-26 4933 3.7 515882
2018-01-10_22-04-27 4807 3.7 515882
2018-01-10_22-04-28 2533 3.7 515882
2018-01-10_22-04-28 5160 3.7 515882
2018-01-10_22-04-29 4993 3.7 515882
2018-01-10_22-04-30 5067 3.7 515882
2018-01-10_22-04-31 166.7 3.7 515882
2018-01-10_22-04-31 5120 3.7 515882
2018-01-10_22-04-32 5193 3.7 515882
2018-01-10_22-04-33 4813 3.7 515882
2018-01-10_22-04-33 2287 3.7 515882
2018-01-10_22-04-34 5093 3.7 515882
2018-01-10_22-04-35 4647 3.7 515882
2018-01-10_22-04-36 2813 3.7 515882
2018-01-10_22-04-36 5167 3.7 515882
2018-01-10_22-04-37 4973 3.7 515882
2018-01-10_22-04-38 3688 3.7 515882
2018-01-10_22-04-38 3469 3.7 515882
2018-01-10_22-04-39 4347 3.7 515882
2018-01-10_22-04-40 5140 3.7 515882
2018-01-10_22-04-41 4138 3.7 515882
2018-01-10_22-04-41 3120 3.7 515882
2018-01-10_22-04-42 5253 3.7 515882
2018-01-10_22-04-43 4993 3.7 515882
2018-01-10_22-04-43 5147 3.7 515882
2018-01-10_22-04-44 1688 3.7 515882
2018-01-10_22-04-45 4788 3.7 515882
2018-01-10_22-04-46 5107 3.7 515882
2018-01-10_22-04-46 4660 3.7 515882
2018-01-10_22-04-47 2540 3.7 515882
2018-01-10_22-04-48 5220 3.7 515882
2018-01-10_22-04-48 4433 3.7 515882
2018-01-10_22-04-49 5107 3.7 515882
2018-01-10_22-04-50 886.7 3.7 515882
2018-01-10_22-04-51 5060 3.7 515882
2018-01-10_22-04-51 4840 3.7 515882
2018-01-10_22-04-52 4106 3.7 515882
2018-01-10_22-04-53 3787 3.7 515882
2018-01-10_22-04-53 4662 3.7 515882
2018-01-10_22-04-54 4960 3.7 515882
2018-01-10_22-04-55 2800 3.7 515882
2018-01-10_22-04-56 4873 3.7 515882
2018-01-10_22-04-56 5120 3.7 515882
2018-01-10_22-04-57 5033 3.7 515882
2018-01-10_22-04-58 2360 3.7 515882
2018-01-10_22-04-58 5067 3.7 515882
2018-01-10_22-04-59 5187 3.7 515882
2018-01-10_22-05-00 5140 3.7 515882
2018-01-10_22-05-01 3673 3.7 515882
2018-01-10_22-05-01 4000 3.7 515882
2018-01-10_22-05-02 4960 3.7 515882
2018-01-10_22-05-03 5233 3.7 515882
2018-01-10_22-05-03 4380 3.7 515882
2018-01-10_22-05-04 4440 3.7 515882
2018-01-10_22-05-05 4825 3.7 515882
2018-01-10_22-05-06 4607 3.7 515882
2018-01-10_22-05-06 2394 3.7 515882
2018-01-10_22-05-07 3087 3.7 515882
2018-01-10_22-05-08 5067 3.7 515882
2018-01-10_22-05-08 5287 3.7 515882
2018-01-10_22-05-09 5000 3.7 515882
2018-01-10_22-05-10 2173 3.7 515882
2018-01-10_22-05-10 5193 3.7 515882
2018-01-10_22-05-11 4413 3.7 515882
2018-01-10_22-05-12 4927 3.7 515882
2018-01-10_22-05-13 5207 3.7 515882
2018-01-10_22-05-13 120.0 3.7 515882
2018-01-10_22-05-14 4620 3.7 515882
2018-01-10_22-05-15 5080 3.7 515882
2018-01-10_22-05-15 3987 3.7 515882
2018-01-10_22-05-16 4067 3.7 515882
2018-01-10_22-05-17 5267 3.7 515882
2018-01-10_22-05-18 5160 3.7 515882
2018-01-10_22-05-18 3393 3.7 515882
2018-01-10_22-05-19 4507 3.7 515882
2018-01-10_22-05-20 5227 3.7 515882
2018-01-10_22-05-20 5113 3.8 515882
2018-01-10_22-05-21 2900 3.8 515882
2018-01-10_22-05-22 4213 3.8 515882
2018-01-10_22-05-23 5060 3.8 515882
2018-01-10_22-05-23 4806 3.8 515882
2018-01-10_22-05-24 2533 3.8 515882
2018-01-10_22-05-25 5087 3.8 515882
2018-01-10_22-05-25 4933 3.8 515882
2018-01-10_22-05-26 4753 3.8 515882
2018-01-10_22-05-27 3787 3.8 515882
2018-01-10_22-05-28 5020 3.8 515882
2018-01-10_22-05-28 4967 3.8 515882
2018-01-10_22-05-29 5353 3.8 515882
2018-01-10_22-05-30 3512 3.8 515882
2018-01-10_22-05-30 4353 3.8 515882
2018-01-10_22-05-31 5233 3.8 515882
2018-01-10_22-05-32 4893 3.8 515882
2018-01-10_22-05-32 220.0 3.8 515882
2018-01-10_22-05-33 4781 3.8 515882
2018-01-10_22-05-34 5020 3.8 515882
2018-01-10_22-05-35 4940 3.8 515882
2018-01-10_22-05-35 2653 3.8 515882
2018-01-10_22-05-36 5000 3.8 515882
2018-01-10_22-05-37 5147 3.8 515882
2018-01-10_22-05-37 4719 3.8 515882
2018-01-10_22-05-38 3720 3.8 515882
2018-01-10_22-05-39 5220 3.8 515882
2018-01-10_22-05-39 5167 3.8 515882
2018-01-10_22-05-40 1700 3.8 515882
2018-01-10_22-05-41 5227 3.8 515882
2018-01-10_22-05-42 4980 3.8 515882
2018-01-10_22-05-42 4593 3.8 515882
2018-01-10_22-05-43 2593 3.8 515882
2018-01-10_22-05-44 5113 3.8 515882
2018-01-10_22-05-44 113.3 3.8 515882
2018-01-10_22-05-45 113.3 3.8 515882
2018-01-10_22-05-46 113.3 3.8 515882
2018-01-10_22-05-46 113.3 3.8 515882
2018-01-10_22-05-47 106.7 3.8 515882
2018-01-10_22-05-48 113.3 3.8 515882
2018-01-10_22-05-49 113.3 3.8 515882
2018-01-10_22-05-49 120.0 3.7 515882
2018-01-10_22-05-50 133.3 3.7 515882
2018-01-10_22-05-51 113.3 3.7 515882
2018-01-10_22-05-51 100.0 3.7 515882
2018-01-10_22-05-52 93.3 3.7 515882
2018-01-10_22-05-53 100.0 3.7 515882
2018-01-10_22-05-53 106.7 3.7 515882
2018-01-10_22-05-54 93.3 3.7 515882
2018-01-10_22-05-55 100.0 3.7 515882
2018-01-10_22-05-55 93.3 3.5 515882
2018-01-10_22-05-56 86.7 0.0 515882
2018-01-10_22-05-57 80.0 0.0 515882
2018-01-10_22-05-57 75.0 0.0 515882
2018-01-10_22-05-58 93.3 0.0 515882
