2018-01-10_21-58-03 53.3 0.0 515882
2018-01-10_21-58-04 66.7 0.0 515882
2018-01-10_21-58-05 100.0 0.0 515882
2018-01-10_21-58-05 93.3 0.0 515882
2018-01-10_21-58-06 87.5 0.0 515882
2018-01-10_21-58-07 100.0 0.0 515882
2018-01-10_21-58-07 100.0 0.0 515882
2018-01-10_21-58-08 100.0 0.0 515882
2018-01-10_21-58-09 100.0 0.0 515882
2018-01-10_21-58-09 100.0 0.1 515882
2018-01-10_21-58-10 100.0 0.1 515882
2018-01-10_21-58-11 93.3 0.1 515882
2018-01-10_21-58-11 100.0 0.1 515882
2018-01-10_21-58-12 100.0 0.1 515882
2018-01-10_21-58-13 100.0 0.1 515882
2018-01-10_21-58-13 100.0 0.1 515882
2018-01-10_21-58-14 100.0 0.1 515882
2018-01-10_21-58-15 100.0 0.1 515882
2018-01-10_21-58-15 100.0 0.1 515882
2018-01-10_21-58-16 93.3 0.1 515882
2018-01-10_21-58-17 100.0 0.1 515882
2018-01-10_21-58-17 93.3 0.1 515882
2018-01-10_21-58-18 100.0 0.1 515882
2018-01-10_21-58-19 100.0 0.1 515882
2018-01-10_21-58-19 100.0 0.1 515882
2018-01-10_21-58-20 100.0 0.1 515882
2018-01-10_21-58-21 100.0 0.1 515882
2018-01-10_21-58-21 100.0 0.1 515882
2018-01-10_21-58-22 100.0 0.1 515882
2018-01-10_21-58-23 100.0 0.1 515882
2018-01-10_21-58-23 100.0 0.1 515882
2018-01-10_21-58-24 93.3 0.1 515882
2018-01-10_21-58-25 100.0 0.1 515882
2018-01-10_21-58-25 100.0 0.1 515882
2018-01-10_21-58-26 100.0 0.1 515882
2018-01-10_21-58-27 93.3 0.1 515882
2018-01-10_21-58-27 100.0 0.1 515882
2018-01-10_21-58-28 100.0 0.1 515882
2018-01-10_21-58-29 100.0 0.1 515882
2018-01-10_21-58-29 100.0 0.1 515882
2018-01-10_21-58-30 100.0 0.1 515882
2018-01-10_21-58-31 100.0 0.1 515882
2018-01-10_21-58-31 100.0 0.1 515882
2018-01-10_21-58-32 100.0 0.1 515882
2018-01-10_21-58-33 100.0 0.1 515882
2018-01-10_21-58-33 100.0 0.1 515882
2018-01-10_21-58-34 100.0 0.2 515882
2018-01-10_21-58-35 93.3 0.2 515882
2018-01-10_21-58-35 100.0 0.2 515882
2018-01-10_21-58-36 100.0 0.2 515882
2018-01-10_21-58-37 100.0 0.2 515882
2018-01-10_21-58-37 100.0 0.2 515882
2018-01-10_21-58-38 100.0 0.2 515882
2018-01-10_21-58-39 100.0 0.2 515882
2018-01-10_21-58-39 93.3 0.2 515882
2018-01-10_21-58-40 93.3 0.2 515882
2018-01-10_21-58-41 93.3 0.2 515882
2018-01-10_21-58-41 100.0 0.2 515882
2018-01-10_21-58-42 100.0 0.2 515882
2018-01-10_21-58-43 87.5 0.2 515882
2018-01-10_21-58-43 100.0 0.2 515882
2018-01-10_21-58-44 100.0 0.2 515882
2018-01-10_21-58-45 100.0 0.2 515882
2018-01-10_21-58-45 93.3 0.2 515882
2018-01-10_21-58-46 100.0 0.2 515882
2018-01-10_21-58-47 100.0 0.2 515882
2018-01-10_21-58-47 100.0 0.2 515882
2018-01-10_21-58-48 100.0 0.2 515882
2018-01-10_21-58-49 100.0 0.2 515882
2018-01-10_21-58-49 100.0 0.2 515882
2018-01-10_21-58-50 100.0 0.2 515882
2018-01-10_21-58-51 100.0 0.2 515882
2018-01-10_21-58-51 100.0 0.2 515882
2018-01-10_21-58-52 100.0 0.2 515882
2018-01-10_21-58-53 100.0 0.2 515882
2018-01-10_21-58-53 100.0 0.2 515882
2018-01-10_21-58-54 100.0 0.2 515882
2018-01-10_21-58-55 100.0 0.3 515882
2018-01-10_21-58-56 100.0 0.3 515882
2018-01-10_21-58-56 100.0 0.3 515882
2018-01-10_21-58-57 100.0 0.3 515882
2018-01-10_21-58-58 93.3 0.3 515882
2018-01-10_21-58-58 93.3 0.3 515882
2018-01-10_21-58-59 93.3 0.4 515882
2018-01-10_21-59-00 93.8 0.3 515882
2018-01-10_21-59-00 93.8 0.3 515882
2018-01-10_21-59-01 93.8 0.3 515882
2018-01-10_21-59-02 73.3 0.4 515882
2018-01-10_21-59-02 73.3 0.4 515882
2018-01-10_21-59-03 100.0 0.8 515882
2018-01-10_21-59-04 106.7 0.8 515882
2018-01-10_21-59-04 106.7 0.8 515882
2018-01-10_21-59-05 106.7 0.8 515882
2018-01-10_21-59-06 106.7 0.8 515882
2018-01-10_21-59-06 120.0 0.8 515882
2018-01-10_21-59-07 106.7 0.8 515882
2018-01-10_21-59-08 106.7 0.8 515882
2018-01-10_21-59-08 106.7 0.8 515882
2018-01-10_21-59-09 113.3 0.9 515882
2018-01-10_21-59-10 106.7 0.9 515882
2018-01-10_21-59-10 106.7 0.9 515882
2018-01-10_21-59-11 106.7 0.9 515882
2018-01-10_21-59-12 106.2 0.9 515882
2018-01-10_21-59-12 113.3 0.9 515882
2018-01-10_21-59-13 46.7 0.9 515882
2018-01-10_21-59-14 133.3 1.0 515882
2018-01-10_21-59-14 106.7 1.0 515882
2018-01-10_21-59-15 100.0 1.0 515882
2018-01-10_21-59-16 106.7 1.0 515882
2018-01-10_21-59-16 106.7 1.0 515882
2018-01-10_21-59-17 106.7 1.0 515882
2018-01-10_21-59-18 100.0 1.0 515882
2018-01-10_21-59-18 106.7 1.0 515882
2018-01-10_21-59-19 100.0 1.0 515882
2018-01-10_21-59-20 106.7 1.0 515882
2018-01-10_21-59-20 106.7 1.0 515882
2018-01-10_21-59-21 100.0 1.0 515882
2018-01-10_21-59-22 220.0 1.1 515882
2018-01-10_21-59-22 200.0 1.2 515882
2018-01-10_21-59-23 520.0 1.4 515882
2018-01-10_21-59-24 2440 1.5 515882
2018-01-10_21-59-24 106.7 1.5 515882
2018-01-10_21-59-25 106.7 1.5 515882
2018-01-10_21-59-26 106.7 1.5 515882
2018-01-10_21-59-27 113.3 1.5 515882
2018-01-10_21-59-27 106.7 1.5 515882
2018-01-10_21-59-28 106.2 1.5 515882
2018-01-10_21-59-29 100.0 1.5 515882
2018-01-10_21-59-29 100.0 1.5 515882
2018-01-10_21-59-30 113.3 1.5 515882
2018-01-10_21-59-31 3187 1.5 515882
2018-01-10_21-59-31 106.7 1.5 515882
2018-01-10_21-59-32 106.7 1.5 515882
2018-01-10_21-59-33 106.7 1.5 515882
2018-01-10_21-59-33 106.7 1.5 515882
2018-01-10_21-59-34 140.0 1.5 515882
2018-01-10_21-59-35 106.7 1.5 515882
2018-01-10_21-59-35 106.7 1.5 515882
2018-01-10_21-59-36 106.7 1.5 515882
2018-01-10_21-59-37 113.3 1.5 515882
2018-01-10_21-59-37 120.0 1.5 515882
2018-01-10_21-59-38 3773 1.5 515882
2018-01-10_21-59-39 146.7 1.6 515882
2018-01-10_21-59-39 266.7 1.8 515882
2018-01-10_21-59-40 313.3 1.9 515882
2018-01-10_21-59-41 206.7 2.0 515882
2018-01-10_21-59-41 5213 2.0 515882
2018-01-10_21-59-42 3767 2.0 515882
2018-01-10_21-59-43 4606 2.0 515882
2018-01-10_21-59-44 3335 2.0 515882
2018-01-10_21-59-44 3880 2.0 515882
2018-01-10_21-59-45 4320 2.0 515882
2018-01-10_21-59-46 4913 2.0 515882
2018-01-10_21-59-46 5247 2.0 515882
2018-01-10_21-59-47 3453 2.0 515882
2018-01-10_21-59-48 4987 2.0 515882
2018-01-10_21-59-49 4947 2.0 515882
2018-01-10_21-59-49 5107 2.0 515882
2018-01-10_21-59-50 2267 2.0 515882
2018-01-10_21-59-51 5180 2.0 515882
2018-01-10_21-59-51 4047 2.0 515882
2018-01-10_21-59-52 4900 2.0 515882
2018-01-10_21-59-53 2500 2.0 515882
2018-01-10_21-59-53 5120 2.0 515882
2018-01-10_21-59-54 3900 2.0 515882
2018-01-10_21-59-55 5087 2.0 515882
2018-01-10_21-59-56 666.7 2.1 515882
2018-01-10_21-59-56 3500 2.3 515882
2018-01-10_21-59-57 5267 2.3 515882
2018-01-10_21-59-58 3620 2.3 515882
2018-01-10_21-59-58 5227 2.3 515882
2018-01-10_21-59-59 3338 2.3 515882
2018-01-10_22-00-00 5053 2.3 515882
2018-01-10_22-00-00 3260 2.3 515882
2018-01-10_22-00-01 5193 2.3 515882
2018-01-10_22-00-02 3012 2.3 515882
2018-01-10_22-00-03 4920 2.3 515882
2018-01-10_22-00-03 4247 2.3 515882
2018-01-10_22-00-04 4867 2.3 515882
2018-01-10_22-00-05 4733 2.3 515882
2018-01-10_22-00-05 2725 2.3 515882
2018-01-10_22-00-06 5180 2.3 515882
2018-01-10_22-00-07 2906 2.3 515882
2018-01-10_22-00-08 4794 2.3 515882
2018-01-10_22-00-08 4027 2.3 515882
2018-01-10_22-00-09 5187 2.3 515882
2018-01-10_22-00-10 2280 2.3 515882
2018-01-10_22-00-10 1373 2.3 515882
2018-01-10_22-00-11 5240 2.3 515882
2018-01-10_22-00-12 3480 2.3 515882
2018-01-10_22-00-13 4953 2.3 515882
2018-01-10_22-00-13 4200 2.3 515882
2018-01-10_22-00-14 4093 2.3 515882
2018-01-10_22-00-15 5193 2.3 515882
2018-01-10_22-00-15 2593 2.3 515882
2018-01-10_22-00-16 5207 2.3 515882
2018-01-10_22-00-17 3547 2.3 515882
2018-01-10_22-00-18 4825 2.3 515882
2018-01-10_22-00-18 1373 2.3 515882
2018-01-10_22-00-19 5247 2.3 515882
2018-01-10_22-00-20 2644 2.3 515882
2018-01-10_22-00-20 2844 2.3 515882
2018-01-10_22-00-21 2880 2.3 515882
2018-01-10_22-00-22 5113 2.3 515882
2018-01-10_22-00-22 1688 2.3 515882
2018-01-10_22-00-23 5100 2.3 515882
2018-01-10_22-00-24 4707 2.3 515882
2018-01-10_22-00-25 4313 2.3 515882
2018-01-10_22-00-25 5180 2.3 515882
2018-01-10_22-00-26 3680 2.3 515882
2018-01-10_22-00-27 3850 2.3 515882
2018-01-10_22-00-27 4780 2.3 515882
2018-01-10_22-00-28 5213 2.3 515882
2018-01-10_22-00-29 1462 2.3 515882
2018-01-10_22-00-29 2160 2.3 515882
2018-01-10_22-00-30 4973 2.3 515882
2018-01-10_22-00-31 2119 2.3 515882
2018-01-10_22-00-32 4531 2.3 515882
2018-01-10_22-00-32 5207 2.3 515882
2018-01-10_22-00-33 3880 2.3 515882
2018-01-10_22-00-34 4980 2.3 515882
2018-01-10_22-00-34 4413 2.3 515882
2018-01-10_22-00-35 5113 2.3 515882
2018-01-10_22-00-36 2853 2.3 515882
2018-01-10_22-00-36 3833 2.3 515882
2018-01-10_22-00-37 106.7 2.3 515882
2018-01-10_22-00-38 100.0 2.3 515882
2018-01-10_22-00-39 113.3 2.3 515882
2018-01-10_22-00-39 100.0 2.3 515882
2018-01-10_22-00-40 106.2 2.3 515882
2018-01-10_22-00-41 93.3 2.3 515882
2018-01-10_22-00-41 100.0 2.3 515882
2018-01-10_22-00-42 100.0 2.3 515882
2018-01-10_22-00-43 100.0 2.2 515882
2018-01-10_22-00-43 86.7 0.0 515882
2018-01-10_22-00-44 75.0 0.0 515882
