2018-01-10_22-17-27 75.0 0.0 515882
2018-01-10_22-17-27 60.0 0.0 515882
2018-01-10_22-17-28 86.7 0.0 515882
2018-01-10_22-17-29 100.0 0.0 515882
2018-01-10_22-17-29 100.0 0.0 515882
2018-01-10_22-17-30 87.5 0.0 515882
2018-01-10_22-17-31 100.0 0.0 515882
2018-01-10_22-17-31 100.0 0.0 515882
2018-01-10_22-17-32 100.0 0.0 515882
2018-01-10_22-17-33 93.3 0.1 515882
2018-01-10_22-17-33 100.0 0.1 515882
2018-01-10_22-17-34 100.0 0.1 515882
2018-01-10_22-17-35 100.0 0.1 515882
2018-01-10_22-17-35 100.0 0.1 515882
2018-01-10_22-17-36 100.0 0.1 515882
2018-01-10_22-17-37 93.3 0.1 515882
2018-01-10_22-17-37 100.0 0.1 515882
2018-01-10_22-17-38 100.0 0.1 515882
2018-01-10_22-17-39 100.0 0.1 515882
2018-01-10_22-17-39 100.0 0.1 515882
2018-01-10_22-17-40 100.0 0.1 515882
2018-01-10_22-17-41 100.0 0.1 515882
2018-01-10_22-17-42 100.0 0.1 515882
2018-01-10_22-17-42 100.0 0.1 515882
2018-01-10_22-17-43 100.0 0.1 515882
2018-01-10_22-17-44 100.0 0.1 515882
2018-01-10_22-17-44 87.5 0.1 515882
2018-01-10_22-17-45 100.0 0.1 515882
2018-01-10_22-17-46 100.0 0.1 515882
2018-01-10_22-17-46 100.0 0.1 515882
2018-01-10_22-17-47 100.0 0.1 515882
2018-01-10_22-17-48 100.0 0.1 515882
2018-01-10_22-17-48 100.0 0.1 515882
2018-01-10_22-17-49 100.0 0.1 515882
2018-01-10_22-17-50 100.0 0.1 515882
2018-01-10_22-17-50 100.0 0.1 515882
2018-01-10_22-17-51 100.0 0.1 515882
2018-01-10_22-17-52 100.0 0.1 515882
2018-01-10_22-17-52 100.0 0.1 515882
2018-01-10_22-17-53 100.0 0.1 515882
2018-01-10_22-17-54 100.0 0.1 515882
2018-01-10_22-17-54 100.0 0.1 515882
2018-01-10_22-17-55 93.3 0.1 515882
2018-01-10_22-17-56 100.0 0.1 515882
2018-01-10_22-17-56 100.0 0.1 515882
2018-01-10_22-17-57 100.0 0.2 515882
2018-01-10_22-17-58 93.3 0.2 515882
2018-01-10_22-17-58 100.0 0.2 515882
2018-01-10_22-17-59 100.0 0.2 515882
2018-01-10_22-18-00 100.0 0.2 515882
2018-01-10_22-18-00 100.0 0.2 515882
2018-01-10_22-18-01 100.0 0.2 515882
2018-01-10_22-18-02 100.0 0.2 515882
2018-01-10_22-18-02 100.0 0.2 515882
2018-01-10_22-18-03 100.0 0.2 515882
2018-01-10_22-18-04 93.3 0.2 515882
2018-01-10_22-18-04 100.0 0.2 515882
2018-01-10_22-18-05 100.0 0.2 515882
2018-01-10_22-18-06 100.0 0.2 515882
2018-01-10_22-18-06 100.0 0.2 515882
2018-01-10_22-18-07 93.3 0.2 515882
2018-01-10_22-18-08 100.0 0.2 515882
2018-01-10_22-18-08 100.0 0.2 515882
2018-01-10_22-18-09 100.0 0.2 515882
2018-01-10_22-18-10 93.3 0.2 515882
2018-01-10_22-18-10 100.0 0.2 515882
2018-01-10_22-18-11 100.0 0.2 515882
2018-01-10_22-18-12 100.0 0.2 515882
2018-01-10_22-18-12 100.0 0.2 515882
2018-01-10_22-18-13 100.0 0.2 515882
2018-01-10_22-18-14 100.0 0.3 515882
2018-01-10_22-18-14 100.0 0.3 515882
2018-01-10_22-18-15 100.0 0.3 515882
2018-01-10_22-18-16 93.3 0.3 515882
2018-01-10_22-18-16 100.0 0.3 515882
2018-01-10_22-18-17 86.7 0.3 515882
2018-01-10_22-18-18 80.0 0.3 515882
2018-01-10_22-18-19 80.0 0.4 515882
2018-01-10_22-18-19 106.7 0.7 515882
2018-01-10_22-18-20 106.7 0.7 515882
2018-01-10_22-18-21 100.0 0.7 515882
2018-01-10_22-18-21 106.7 0.8 515882
2018-01-10_22-18-22 106.7 0.8 515882
2018-01-10_22-18-23 100.0 0.8 515882
2018-01-10_22-18-23 113.3 0.8 515882
2018-01-10_22-18-24 106.7 0.8 515882
2018-01-10_22-18-25 100.0 0.8 515882
2018-01-10_22-18-25 106.7 0.8 515882
2018-01-10_22-18-26 113.3 0.8 515882
2018-01-10_22-18-27 113.3 0.9 515882
2018-01-10_22-18-27 106.7 0.8 515882
2018-01-10_22-18-28 100.0 0.8 515882
2018-01-10_22-18-29 106.7 0.8 515882
2018-01-10_22-18-29 126.7 0.8 515882
2018-01-10_22-18-30 73.3 0.9 515882
2018-01-10_22-18-31 13.3 0.9 515882
2018-01-10_22-18-31 120.0 1.0 515882
2018-01-10_22-18-32 106.7 1.0 515882
2018-01-10_22-18-33 106.7 1.0 515882
2018-01-10_22-18-33 113.3 1.0 515882
2018-01-10_22-18-34 106.7 1.0 515882
2018-01-10_22-18-35 106.7 1.0 515882
2018-01-10_22-18-35 133.3 1.0 515882
2018-01-10_22-18-36 66.7 1.2 515882
2018-01-10_22-18-37 206.2 1.3 515882
2018-01-10_22-18-37 4620 1.4 515882
2018-01-10_22-18-38 106.7 1.5 515882
2018-01-10_22-18-39 106.7 1.5 515882
2018-01-10_22-18-39 106.7 1.5 515882
2018-01-10_22-18-40 100.0 1.5 515882
2018-01-10_22-18-41 3367 1.5 515882
2018-01-10_22-18-42 120.0 1.5 515882
2018-01-10_22-18-42 100.0 1.5 515882
2018-01-10_22-18-43 106.7 1.5 515882
2018-01-10_22-18-44 206.7 1.5 515882
2018-01-10_22-18-44 106.7 1.5 515882
2018-01-10_22-18-45 106.7 1.5 515882
2018-01-10_22-18-46 113.3 1.5 515882
2018-01-10_22-18-46 720.0 1.5 515882
2018-01-10_22-18-47 146.7 1.7 515882
2018-01-10_22-18-48 162.5 1.8 515882
2018-01-10_22-18-48 413.3 1.8 515882
2018-01-10_22-18-49 133.3 1.9 515882
2018-01-10_22-18-50 506.7 1.9 515882
2018-01-10_22-18-50 466.7 1.9 515882
2018-01-10_22-18-51 526.7 1.9 515882
2018-01-10_22-18-52 4440 1.9 515882
2018-01-10_22-18-52 5213 1.9 515882
2018-01-10_22-18-53 2420 1.9 515882
2018-01-10_22-18-54 2962 1.9 515882
2018-01-10_22-18-55 4860 1.9 515882
2018-01-10_22-18-55 5127 2.0 515882
2018-01-10_22-18-56 4562 2.0 515882
2018-01-10_22-18-57 2047 2.0 515882
2018-01-10_22-18-58 4927 2.0 515882
2018-01-10_22-18-58 5160 2.0 515882
2018-01-10_22-18-59 2813 2.0 515882
2018-01-10_22-19-00 5027 2.0 515882
2018-01-10_22-19-01 4707 2.0 515882
2018-01-10_22-19-01 1180 2.0 515882
2018-01-10_22-19-02 4800 2.0 515882
2018-01-10_22-19-03 4820 2.0 515882
2018-01-10_22-19-04 831.2 2.0 515882
2018-01-10_22-19-04 960.0 2.0 515882
2018-01-10_22-19-05 2275 2.0 515882
2018-01-10_22-19-06 5193 2.0 515882
2018-01-10_22-19-06 4187 2.0 515882
2018-01-10_22-19-07 3000 2.0 515882
2018-01-10_22-19-08 4867 2.0 515882
2018-01-10_22-19-09 4456 2.0 515882
2018-01-10_22-19-09 1547 2.0 515882
2018-01-10_22-19-10 4993 2.0 515882
2018-01-10_22-19-11 4973 2.0 515882
2018-01-10_22-19-12 2350 2.0 515882
2018-01-10_22-19-12 4612 2.0 515882
2018-01-10_22-19-13 4460 2.0 515882
2018-01-10_22-19-14 640.0 2.0 515882
2018-01-10_22-19-15 5019 2.0 515882
2018-01-10_22-19-15 5087 2.0 515882
2018-01-10_22-19-16 1773 2.0 515882
2018-01-10_22-19-17 4656 2.0 515882
2018-01-10_22-19-18 4867 2.0 515882
2018-01-10_22-19-18 1873 2.0 515882
2018-01-10_22-19-19 4907 2.0 515882
2018-01-10_22-19-20 4967 2.0 515882
2018-01-10_22-19-20 2553 2.0 515882
2018-01-10_22-19-21 5133 2.0 515882
2018-01-10_22-19-22 4820 2.0 515882
2018-01-10_22-19-23 1427 2.0 515882
2018-01-10_22-19-23 5160 2.0 515882
2018-01-10_22-19-24 5020 2.0 515882
2018-01-10_22-19-25 1847 2.0 515882
2018-01-10_22-19-26 5273 2.0 515882
2018-01-10_22-19-26 4860 2.0 515882
2018-01-10_22-19-27 1253 2.0 515882
2018-01-10_22-19-28 5047 2.0 515882
2018-01-10_22-19-29 4387 2.0 515882
2018-01-10_22-19-29 260.0 2.0 515882
2018-01-10_22-19-30 4260 2.0 515882
2018-01-10_22-19-31 4638 2.0 515882
2018-01-10_22-19-32 1627 2.0 515882
2018-01-10_22-19-32 373.3 2.0 515882
2018-01-10_22-19-33 5127 2.0 515882
2018-01-10_22-19-34 4173 2.0 515882
2018-01-10_22-19-35 3020 2.0 515882
2018-01-10_22-19-35 5213 2.0 515882
2018-01-10_22-19-36 4681 2.0 515882
2018-01-10_22-19-37 3293 2.0 515882
2018-01-10_22-19-37 4931 2.0 515882
2018-01-10_22-19-38 3487 2.0 515882
2018-01-10_22-19-39 3120 2.0 515882
2018-01-10_22-19-40 5080 2.0 515882
2018-01-10_22-19-40 3047 2.0 515882
2018-01-10_22-19-41 4606 2.0 515882
2018-01-10_22-19-42 5180 2.0 515882
2018-01-10_22-19-43 5260 2.0 515882
2018-01-10_22-19-43 2667 2.0 515882
2018-01-10_22-19-44 4053 2.0 515882
2018-01-10_22-19-45 4987 2.0 515882
2018-01-10_22-19-46 4769 2.0 515882
2018-01-10_22-19-46 1900 2.0 515882
2018-01-10_22-19-47 4544 2.0 515882
2018-01-10_22-19-48 5144 2.0 515882
2018-01-10_22-19-49 1993 2.0 515882
2018-01-10_22-19-49 4706 2.0 515882
2018-01-10_22-19-50 4888 2.0 515882
2018-01-10_22-19-51 4913 2.0 515882
2018-01-10_22-19-52 1819 2.0 515882
2018-01-10_22-19-52 4960 2.0 515882
2018-01-10_22-19-53 113.3 2.0 515882
2018-01-10_22-19-54 100.0 2.0 515882
2018-01-10_22-19-54 113.3 2.0 515882
2018-01-10_22-19-55 100.0 2.0 515882
2018-01-10_22-19-56 100.0 1.9 515882
2018-01-10_22-19-56 106.7 1.9 515882
2018-01-10_22-19-57 93.3 1.9 515882
2018-01-10_22-19-58 86.7 0.0 515882
