2018-01-10_22-15-42 60.0 0.0 515882
2018-01-10_22-15-43 66.7 0.0 515882
2018-01-10_22-15-44 93.3 0.0 515882
2018-01-10_22-15-44 100.0 0.0 515882
2018-01-10_22-15-45 93.3 0.0 515882
2018-01-10_22-15-46 100.0 0.0 515882
2018-01-10_22-15-46 93.3 0.0 515882
2018-01-10_22-15-47 100.0 0.0 515882
2018-01-10_22-15-48 100.0 0.0 515882
2018-01-10_22-15-48 100.0 0.1 515882
2018-01-10_22-15-49 100.0 0.1 515882
2018-01-10_22-15-50 100.0 0.1 515882
2018-01-10_22-15-50 93.3 0.1 515882
2018-01-10_22-15-51 100.0 0.1 515882
2018-01-10_22-15-52 100.0 0.1 515882
2018-01-10_22-15-52 93.3 0.1 515882
2018-01-10_22-15-53 100.0 0.1 515882
2018-01-10_22-15-54 100.0 0.1 515882
2018-01-10_22-15-54 93.3 0.1 515882
2018-01-10_22-15-55 100.0 0.1 515882
2018-01-10_22-15-56 100.0 0.1 515882
2018-01-10_22-15-56 100.0 0.1 515882
2018-01-10_22-15-57 100.0 0.1 515882
2018-01-10_22-15-58 93.8 0.1 515882
2018-01-10_22-15-58 100.0 0.1 515882
2018-01-10_22-15-59 100.0 0.1 515882
2018-01-10_22-16-00 93.3 0.1 515882
2018-01-10_22-16-00 100.0 0.1 515882
2018-01-10_22-16-01 100.0 0.1 515882
2018-01-10_22-16-02 100.0 0.1 515882
2018-01-10_22-16-02 100.0 0.1 515882
2018-01-10_22-16-03 100.0 0.1 515882
2018-01-10_22-16-04 100.0 0.1 515882
2018-01-10_22-16-04 100.0 0.1 515882
2018-01-10_22-16-05 100.0 0.1 515882
2018-01-10_22-16-06 100.0 0.1 515882
2018-01-10_22-16-06 93.3 0.2 515882
2018-01-10_22-16-07 100.0 0.2 515882
2018-01-10_22-16-08 86.7 0.2 515882
2018-01-10_22-16-08 93.3 0.3 515882
2018-01-10_22-16-09 106.7 0.4 515882
2018-01-10_22-16-10 100.0 0.4 515882
2018-01-10_22-16-10 106.7 0.4 515882
2018-01-10_22-16-11 106.7 0.4 515882
2018-01-10_22-16-12 106.7 0.4 515882
2018-01-10_22-16-12 106.7 0.4 515882
2018-01-10_22-16-13 120.0 0.4 515882
2018-01-10_22-16-14 46.7 0.5 515882
2018-01-10_22-16-14 106.7 0.5 515882
2018-01-10_22-16-15 106.7 0.5 515882
2018-01-10_22-16-16 100.0 0.5 515882
2018-01-10_22-16-16 126.7 0.5 515882
2018-01-10_22-16-17 66.7 0.6 515882
2018-01-10_22-16-18 120.0 0.7 515882
2018-01-10_22-16-19 700.0 0.8 515882
2018-01-10_22-16-19 106.7 0.9 515882
2018-01-10_22-16-20 1767 0.9 515882
2018-01-10_22-16-21 106.7 0.9 515882
2018-01-10_22-16-21 106.7 0.9 515882
2018-01-10_22-16-22 93.8 0.9 515882
2018-01-10_22-16-23 100.0 0.9 515882
2018-01-10_22-16-23 120.0 1.1 515882
2018-01-10_22-16-24 206.7 1.1 515882
2018-01-10_22-16-25 106.7 1.1 515882
2018-01-10_22-16-25 233.3 1.1 515882
2018-01-10_22-16-26 220.0 1.1 515882
2018-01-10_22-16-27 3347 1.1 515882
2018-01-10_22-16-27 120.0 1.1 515882
2018-01-10_22-16-28 2967 1.1 515882
2018-01-10_22-16-29 1113 1.1 515882
2018-01-10_22-16-29 86.7 1.1 515882
2018-01-10_22-16-30 3807 1.2 515882
2018-01-10_22-16-31 3233 1.3 515882
2018-01-10_22-16-31 2940 1.3 515882
2018-01-10_22-16-32 93.3 1.3 515882
2018-01-10_22-16-33 3580 1.3 515882
2018-01-10_22-16-33 366.7 1.3 515882
2018-01-10_22-16-34 73.3 1.3 515882
2018-01-10_22-16-35 4080 1.3 515882
2018-01-10_22-16-36 213.3 1.3 515882
2018-01-10_22-16-36 173.3 1.3 515882
2018-01-10_22-16-37 5040 1.3 515882
2018-01-10_22-16-38 186.7 1.3 515882
2018-01-10_22-16-38 693.3 1.3 515882
2018-01-10_22-16-39 2833 1.3 515882
2018-01-10_22-16-40 140.0 1.3 515882
2018-01-10_22-16-40 1500 1.3 515882
2018-01-10_22-16-41 2980 1.3 515882
2018-01-10_22-16-42 166.7 1.3 515882
2018-01-10_22-16-42 2027 1.3 515882
2018-01-10_22-16-43 1860 1.3 515882
2018-01-10_22-16-44 86.7 1.3 515882
2018-01-10_22-16-45 3240 1.3 515882
2018-01-10_22-16-45 793.3 1.3 515882
2018-01-10_22-16-46 66.7 1.3 515882
2018-01-10_22-16-47 4033 1.3 515882
2018-01-10_22-16-47 212.5 1.3 515882
2018-01-10_22-16-48 80.0 1.3 515882
2018-01-10_22-16-49 4360 1.3 515882
2018-01-10_22-16-49 566.7 1.3 515882
2018-01-10_22-16-50 153.3 1.3 515882
2018-01-10_22-16-51 3260 1.3 515882
2018-01-10_22-16-51 153.3 1.3 515882
2018-01-10_22-16-52 593.3 1.3 515882
2018-01-10_22-16-53 2100 1.3 515882
2018-01-10_22-16-54 106.7 1.3 515882
2018-01-10_22-16-54 2431 1.3 515882
2018-01-10_22-16-55 3053 1.3 515882
2018-01-10_22-16-56 120.0 1.3 515882
2018-01-10_22-16-56 3073 1.3 515882
2018-01-10_22-16-57 2080 1.3 515882
2018-01-10_22-16-58 73.3 1.3 515882
2018-01-10_22-16-58 4107 1.3 515882
2018-01-10_22-16-59 220.0 1.3 515882
2018-01-10_22-17-00 66.7 1.3 515882
2018-01-10_22-17-00 4327 1.3 515882
2018-01-10_22-17-01 220.0 1.3 515882
2018-01-10_22-17-02 720.0 1.3 515882
2018-01-10_22-17-02 2527 1.3 515882
2018-01-10_22-17-03 113.3 1.3 515882
2018-01-10_22-17-04 1907 1.3 515882
2018-01-10_22-17-05 2200 1.3 515882
2018-01-10_22-17-05 126.7 1.3 515882
2018-01-10_22-17-06 2393 1.3 515882
2018-01-10_22-17-07 1760 1.3 515882
2018-01-10_22-17-07 113.3 1.3 515882
2018-01-10_22-17-08 2727 1.3 515882
2018-01-10_22-17-09 1033 1.3 515882
2018-01-10_22-17-09 160.0 1.3 515882
2018-01-10_22-17-10 4600 1.3 515882
2018-01-10_22-17-11 220.0 1.3 515882
2018-01-10_22-17-11 1027 1.3 515882
2018-01-10_22-17-12 2347 1.3 515882
2018-01-10_22-17-13 106.7 1.3 515882
2018-01-10_22-17-13 1575 1.3 515882
2018-01-10_22-17-14 1356 1.3 515882
2018-01-10_22-17-15 100.0 1.3 515882
2018-01-10_22-17-16 2567 1.3 515882
2018-01-10_22-17-16 1706 1.3 515882
2018-01-10_22-17-17 126.7 1.3 515882
2018-01-10_22-17-18 2753 1.3 515882
2018-01-10_22-17-18 426.7 1.3 515882
2018-01-10_22-17-19 126.7 1.3 515882
2018-01-10_22-17-20 3640 1.3 515882
2018-01-10_22-17-20 200.0 1.3 515882
2018-01-10_22-17-21 840.0 1.3 515882
2018-01-10_22-17-22 3673 1.3 515882
2018-01-10_22-17-22 100.0 1.3 515882
2018-01-10_22-17-23 100.0 1.0 515882
2018-01-10_22-17-24 100.0 1.0 515882
2018-01-10_22-17-25 93.3 0.0 515882
