2018-01-10_22-14-24 86.7 0.0 515882
2018-01-10_22-14-25 53.3 0.0 515882
2018-01-10_22-14-25 100.0 0.0 515882
2018-01-10_22-14-26 100.0 0.0 515882
2018-01-10_22-14-27 100.0 0.0 515882
2018-01-10_22-14-27 93.8 0.0 515882
2018-01-10_22-14-28 100.0 0.0 515882
2018-01-10_22-14-29 100.0 0.0 515882
2018-01-10_22-14-29 100.0 0.0 515882
2018-01-10_22-14-30 93.3 0.1 515882
2018-01-10_22-14-31 93.3 0.1 515882
2018-01-10_22-14-31 100.0 0.1 515882
2018-01-10_22-14-32 93.3 0.1 515882
2018-01-10_22-14-33 93.8 0.1 515882
2018-01-10_22-14-33 100.0 0.1 515882
2018-01-10_22-14-34 100.0 0.1 515882
2018-01-10_22-14-35 100.0 0.1 515882
2018-01-10_22-14-36 93.3 0.1 515882
2018-01-10_22-14-36 100.0 0.1 515882
2018-01-10_22-14-37 93.3 0.1 515882
2018-01-10_22-14-38 86.7 0.1 515882
2018-01-10_22-14-38 106.7 0.2 515882
2018-01-10_22-14-39 100.0 0.2 515882
2018-01-10_22-14-40 100.0 0.2 515882
2018-01-10_22-14-40 43.8 0.3 515882
2018-01-10_22-14-41 100.0 0.3 515882
2018-01-10_22-14-42 126.7 0.3 515882
2018-01-10_22-14-42 60.0 0.4 515882
2018-01-10_22-14-43 260.0 0.5 515882
2018-01-10_22-14-44 153.3 0.6 515882
2018-01-10_22-14-44 100.0 0.7 515882
2018-01-10_22-14-45 93.3 0.7 515882
2018-01-10_22-14-46 66.7 0.7 515882
2018-01-10_22-14-46 106.7 0.7 515882
2018-01-10_22-14-47 73.3 0.8 515882
2018-01-10_22-14-48 120.0 0.8 515882
2018-01-10_22-14-48 106.7 0.8 515882
2018-01-10_22-14-49 206.7 0.8 515882
2018-01-10_22-14-50 1487 0.8 515882
2018-01-10_22-14-50 106.2 0.8 515882
2018-01-10_22-14-51 1093 0.8 515882
2018-01-10_22-14-52 120.0 0.8 515882
2018-01-10_22-14-52 580.0 0.8 515882
2018-01-10_22-14-53 113.3 0.8 515882
2018-01-10_22-14-54 666.7 0.8 515882
2018-01-10_22-14-55 168.8 0.8 515882
2018-01-10_22-14-55 320.0 0.8 515882
2018-01-10_22-14-56 440.0 0.8 515882
2018-01-10_22-14-57 80.0 0.8 515882
2018-01-10_22-14-57 920.0 0.8 515882
2018-01-10_22-14-58 26.7 0.8 515882
2018-01-10_22-14-59 2347 0.8 515882
2018-01-10_22-14-59 220.0 0.9 515882
2018-01-10_22-15-00 26.7 0.9 515882
2018-01-10_22-15-01 2013 0.9 515882
2018-01-10_22-15-01 46.7 0.9 515882
2018-01-10_22-15-02 3307 0.9 515882
2018-01-10_22-15-03 100.0 0.9 515882
2018-01-10_22-15-03 2393 0.9 515882
2018-01-10_22-15-04 106.7 0.9 515882
2018-01-10_22-15-05 1087 0.9 515882
2018-01-10_22-15-06 106.2 0.9 515882
2018-01-10_22-15-06 706.7 0.9 515882
2018-01-10_22-15-07 120.0 0.9 515882
2018-01-10_22-15-08 540.0 0.9 515882
2018-01-10_22-15-08 133.3 0.9 515882
2018-01-10_22-15-09 686.7 0.9 515882
2018-01-10_22-15-10 653.3 0.9 515882
2018-01-10_22-15-10 33.3 0.9 515882
2018-01-10_22-15-11 525.0 0.9 515882
2018-01-10_22-15-12 33.3 0.9 515882
2018-01-10_22-15-12 2107 0.9 515882
2018-01-10_22-15-13 46.7 0.9 515882
2018-01-10_22-15-14 2733 0.9 515882
2018-01-10_22-15-15 60.0 0.9 515882
2018-01-10_22-15-15 2731 0.9 515882
2018-01-10_22-15-16 93.3 0.9 515882
2018-01-10_22-15-17 820.0 0.9 515882
2018-01-10_22-15-17 146.7 0.9 515882
2018-01-10_22-15-18 1053 0.9 515882
2018-01-10_22-15-19 126.7 0.9 515882
2018-01-10_22-15-19 426.7 0.9 515882
2018-01-10_22-15-20 133.3 0.9 515882
2018-01-10_22-15-21 346.7 0.9 515882
2018-01-10_22-15-21 126.7 0.9 515882
2018-01-10_22-15-22 773.3 0.9 515882
2018-01-10_22-15-23 120.0 0.9 515882
2018-01-10_22-15-24 546.7 0.9 515882
2018-01-10_22-15-24 120.0 0.9 515882
2018-01-10_22-15-25 668.8 0.9 515882
2018-01-10_22-15-26 112.5 0.9 515882
2018-01-10_22-15-26 733.3 0.9 515882
2018-01-10_22-15-27 113.3 0.9 515882
2018-01-10_22-15-28 933.3 0.9 515882
2018-01-10_22-15-29 113.3 0.9 515882
2018-01-10_22-15-29 1207 0.9 515882
2018-01-10_22-15-30 186.7 0.9 515882
2018-01-10_22-15-31 806.2 0.9 515882
2018-01-10_22-15-31 118.8 0.9 515882
2018-01-10_22-15-32 426.7 0.9 515882
2018-01-10_22-15-33 113.3 0.9 515882
2018-01-10_22-15-33 418.8 0.9 515882
2018-01-10_22-15-34 120.0 0.9 515882
2018-01-10_22-15-35 746.7 0.9 515882
2018-01-10_22-15-36 175.0 0.9 515882
2018-01-10_22-15-36 333.3 0.9 515882
2018-01-10_22-15-37 140.0 0.9 515882
2018-01-10_22-15-38 313.3 0.9 515882
2018-01-10_22-15-38 120.0 0.9 515882
2018-01-10_22-15-39 400.0 0.9 515882
2018-01-10_22-15-40 100.0 0.9 515882
2018-01-10_22-15-40 100.0 0.7 515882
2018-01-10_22-15-41 80.0 0.0 515882
