2018-01-10_22-20-01 73.3 0.0 515882
2018-01-10_22-20-02 53.3 0.0 515882
2018-01-10_22-20-03 100.0 0.0 515882
2018-01-10_22-20-03 93.3 0.0 515882
2018-01-10_22-20-04 100.0 0.0 515882
2018-01-10_22-20-05 100.0 0.0 515882
2018-01-10_22-20-05 93.3 0.0 515882
2018-01-10_22-20-06 100.0 0.0 515882
2018-01-10_22-20-07 93.3 0.0 515882
2018-01-10_22-20-07 100.0 0.1 515882
2018-01-10_22-20-08 100.0 0.1 515882
2018-01-10_22-20-09 100.0 0.1 515882
2018-01-10_22-20-09 93.3 0.1 515882
2018-01-10_22-20-10 93.3 0.1 515882
2018-01-10_22-20-11 93.3 0.1 515882
2018-01-10_22-20-12 100.0 0.1 515882
2018-01-10_22-20-12 100.0 0.1 515882
2018-01-10_22-20-13 100.0 0.1 515882
2018-01-10_22-20-14 93.8 0.1 515882
2018-01-10_22-20-14 100.0 0.1 515882
2018-01-10_22-20-15 100.0 0.1 515882
2018-01-10_22-20-16 93.3 0.1 515882
2018-01-10_22-20-16 100.0 0.1 515882
2018-01-10_22-20-17 100.0 0.1 515882
2018-01-10_22-20-18 100.0 0.1 515882
2018-01-10_22-20-18 100.0 0.1 515882
2018-01-10_22-20-19 93.3 0.1 515882
2018-01-10_22-20-20 100.0 0.1 515882
2018-01-10_22-20-20 100.0 0.1 515882
2018-01-10_22-20-21 93.3 0.1 515882
2018-01-10_22-20-22 100.0 0.1 515882
2018-01-10_22-20-22 100.0 0.1 515882
2018-01-10_22-20-23 100.0 0.1 515882
2018-01-10_22-20-24 100.0 0.1 515882
2018-01-10_22-20-24 100.0 0.1 515882
2018-01-10_22-20-25 100.0 0.1 515882
2018-01-10_22-20-26 100.0 0.1 515882
2018-01-10_22-20-26 100.0 0.1 515882
2018-01-10_22-20-27 100.0 0.1 515882
2018-01-10_22-20-28 100.0 0.1 515882
2018-01-10_22-20-28 100.0 0.1 515882
2018-01-10_22-20-29 93.3 0.1 515882
2018-01-10_22-20-30 100.0 0.1 515882
2018-01-10_22-20-30 100.0 0.1 515882
2018-01-10_22-20-31 100.0 0.1 515882
2018-01-10_22-20-32 100.0 0.2 515882
2018-01-10_22-20-32 100.0 0.2 515882
2018-01-10_22-20-33 100.0 0.2 515882
2018-01-10_22-20-34 100.0 0.2 515882
2018-01-10_22-20-34 100.0 0.2 515882
2018-01-10_22-20-35 100.0 0.2 515882
2018-01-10_22-20-36 100.0 0.2 515882
2018-01-10_22-20-36 100.0 0.2 515882
2018-01-10_22-20-37 93.3 0.2 515882
2018-01-10_22-20-38 93.3 0.2 515882
2018-01-10_22-20-38 93.3 0.2 515882
2018-01-10_22-20-39 100.0 0.2 515882
2018-01-10_22-20-40 93.3 0.2 515882
2018-01-10_22-20-40 100.0 0.2 515882
2018-01-10_22-20-41 93.3 0.2 515882
2018-01-10_22-20-42 100.0 0.2 515882
2018-01-10_22-20-42 100.0 0.2 515882
2018-01-10_22-20-43 100.0 0.2 515882
2018-01-10_22-20-44 100.0 0.2 515882
2018-01-10_22-20-44 93.3 0.2 515882
2018-01-10_22-20-45 93.8 0.2 515882
2018-01-10_22-20-46 100.0 0.2 515882
2018-01-10_22-20-46 100.0 0.2 515882
2018-01-10_22-20-47 100.0 0.2 515882
2018-01-10_22-20-48 87.5 0.2 515882
2018-01-10_22-20-48 100.0 0.2 515882
2018-01-10_22-20-49 93.3 0.2 515882
2018-01-10_22-20-50 93.3 0.2 515882
2018-01-10_22-20-50 100.0 0.2 515882
2018-01-10_22-20-51 100.0 0.2 515882
2018-01-10_22-20-52 100.0 0.2 515882
2018-01-10_22-20-52 93.3 0.2 515882
2018-01-10_22-20-53 100.0 0.2 515882
2018-01-10_22-20-54 100.0 0.2 515882
2018-01-10_22-20-54 100.0 0.2 515882
2018-01-10_22-20-55 100.0 0.3 515882
2018-01-10_22-20-56 100.0 0.3 515882
2018-01-10_22-20-56 93.3 0.3 515882
2018-01-10_22-20-57 100.0 0.3 515882
2018-01-10_22-20-58 100.0 0.3 515882
2018-01-10_22-20-59 100.0 0.3 515882
2018-01-10_22-20-59 100.0 0.3 515882
2018-01-10_22-21-00 93.8 0.3 515882
2018-01-10_22-21-01 100.0 0.3 515882
2018-01-10_22-21-01 93.3 0.3 515882
2018-01-10_22-21-02 100.0 0.3 515882
2018-01-10_22-21-03 93.3 0.3 515882
2018-01-10_22-21-03 93.3 0.3 515882
2018-01-10_22-21-04 100.0 0.3 515882
2018-01-10_22-21-05 100.0 0.3 515882
2018-01-10_22-21-05 100.0 0.3 515882
2018-01-10_22-21-06 100.0 0.3 515882
2018-01-10_22-21-07 100.0 0.3 515882
2018-01-10_22-21-07 100.0 0.3 515882
2018-01-10_22-21-08 100.0 0.3 515882
2018-01-10_22-21-09 100.0 0.3 515882
2018-01-10_22-21-09 100.0 0.3 515882
2018-01-10_22-21-10 100.0 0.3 515882
2018-01-10_22-21-11 93.8 0.3 515882
2018-01-10_22-21-11 93.3 0.3 515882
2018-01-10_22-21-12 100.0 0.3 515882
2018-01-10_22-21-13 100.0 0.3 515882
2018-01-10_22-21-13 93.3 0.3 515882
2018-01-10_22-21-14 100.0 0.3 515882
2018-01-10_22-21-15 100.0 0.3 515882
2018-01-10_22-21-15 100.0 0.3 515882
2018-01-10_22-21-16 100.0 0.3 515882
2018-01-10_22-21-17 93.3 0.3 515882
2018-01-10_22-21-17 100.0 0.3 515882
2018-01-10_22-21-18 100.0 0.3 515882
2018-01-10_22-21-19 100.0 0.3 515882
2018-01-10_22-21-19 100.0 0.3 515882
2018-01-10_22-21-20 100.0 0.3 515882
2018-01-10_22-21-21 100.0 0.3 515882
2018-01-10_22-21-21 100.0 0.3 515882
2018-01-10_22-21-22 100.0 0.3 515882
2018-01-10_22-21-23 93.3 0.3 515882
2018-01-10_22-21-23 100.0 0.3 515882
2018-01-10_22-21-24 100.0 0.3 515882
2018-01-10_22-21-25 100.0 0.4 515882
2018-01-10_22-21-25 100.0 0.4 515882
2018-01-10_22-21-26 93.3 0.4 515882
2018-01-10_22-21-27 100.0 0.4 515882
2018-01-10_22-21-27 100.0 0.4 515882
2018-01-10_22-21-28 100.0 0.4 515882
2018-01-10_22-21-29 100.0 0.4 515882
2018-01-10_22-21-29 100.0 0.4 515882
2018-01-10_22-21-30 93.3 0.4 515882
2018-01-10_22-21-31 100.0 0.4 515882
2018-01-10_22-21-31 100.0 0.4 515882
2018-01-10_22-21-32 100.0 0.4 515882
2018-01-10_22-21-33 100.0 0.4 515882
2018-01-10_22-21-33 100.0 0.4 515882
2018-01-10_22-21-34 100.0 0.4 515882
2018-01-10_22-21-35 100.0 0.5 515882
2018-01-10_22-21-35 100.0 0.5 515882
2018-01-10_22-21-36 100.0 0.5 515882
2018-01-10_22-21-37 100.0 0.5 515882
2018-01-10_22-21-37 100.0 0.5 515882
2018-01-10_22-21-38 100.0 0.6 515882
2018-01-10_22-21-39 93.3 0.6 515882
2018-01-10_22-21-39 100.0 0.6 515882
2018-01-10_22-21-40 100.0 0.6 515882
2018-01-10_22-21-41 100.0 0.6 515882
2018-01-10_22-21-42 93.3 0.6 515882
2018-01-10_22-21-42 86.7 0.6 515882
2018-01-10_22-21-43 93.3 0.6 515882
2018-01-10_22-21-44 80.0 0.6 515882
2018-01-10_22-21-44 80.0 0.7 515882
2018-01-10_22-21-45 93.3 0.7 515882
2018-01-10_22-21-46 93.3 0.7 515882
2018-01-10_22-21-46 106.7 1.1 515882
2018-01-10_22-21-47 106.7 1.4 515882
2018-01-10_22-21-48 120.0 1.4 515882
2018-01-10_22-21-48 120.0 1.5 515882
2018-01-10_22-21-49 113.3 1.5 515882
2018-01-10_22-21-50 120.0 1.5 515882
2018-01-10_22-21-50 113.3 1.5 515882
2018-01-10_22-21-51 120.0 1.5 515882
2018-01-10_22-21-52 106.7 1.5 515882
2018-01-10_22-21-52 120.0 1.5 515882
2018-01-10_22-21-53 106.7 1.5 515882
2018-01-10_22-21-54 106.7 1.5 515882
2018-01-10_22-21-54 113.3 1.5 515882
2018-01-10_22-21-55 120.0 1.5 515882
2018-01-10_22-21-56 106.7 1.5 515882
2018-01-10_22-21-56 106.7 1.5 515882
2018-01-10_22-21-57 120.0 1.5 515882
2018-01-10_22-21-58 113.3 1.5 515882
2018-01-10_22-21-58 120.0 1.5 515882
2018-01-10_22-21-59 113.3 1.6 515882
2018-01-10_22-22-00 106.2 1.6 515882
2018-01-10_22-22-00 120.0 1.7 515882
2018-01-10_22-22-01 120.0 1.7 515882
2018-01-10_22-22-02 113.3 1.7 515882
2018-01-10_22-22-02 120.0 1.6 515882
2018-01-10_22-22-03 113.3 1.6 515882
2018-01-10_22-22-04 113.3 1.6 515882
2018-01-10_22-22-04 126.7 1.6 515882
2018-01-10_22-22-05 120.0 1.6 515882
2018-01-10_22-22-06 113.3 1.6 515882
2018-01-10_22-22-07 126.7 1.6 515882
2018-01-10_22-22-07 133.3 1.6 515882
2018-01-10_22-22-08 126.7 1.6 515882
2018-01-10_22-22-09 66.7 1.7 515882
2018-01-10_22-22-09 140.0 1.7 515882
2018-01-10_22-22-10 133.3 1.8 515882
2018-01-10_22-22-11 120.0 1.9 515882
2018-01-10_22-22-11 120.0 1.9 515882
2018-01-10_22-22-12 113.3 1.9 515882
2018-01-10_22-22-13 113.3 1.9 515882
2018-01-10_22-22-13 106.7 1.9 515882
2018-01-10_22-22-14 106.7 1.9 515882
2018-01-10_22-22-15 126.7 1.9 515882
2018-01-10_22-22-15 113.3 1.9 515882
2018-01-10_22-22-16 113.3 1.9 515882
2018-01-10_22-22-17 126.7 1.9 515882
2018-01-10_22-22-17 120.0 1.9 515882
2018-01-10_22-22-18 133.3 1.9 515882
2018-01-10_22-22-19 120.0 1.9 515882
2018-01-10_22-22-19 180.0 2.0 515882
2018-01-10_22-22-20 173.3 2.1 515882
2018-01-10_22-22-21 113.3 2.3 515882
2018-01-10_22-22-21 2400 2.3 515882
2018-01-10_22-22-22 2047 2.4 515882
2018-01-10_22-22-23 120.0 2.4 515882
2018-01-10_22-22-23 113.3 2.4 515882
2018-01-10_22-22-24 113.3 2.4 515882
2018-01-10_22-22-25 113.3 2.4 515882
2018-01-10_22-22-25 113.3 2.4 515882
2018-01-10_22-22-26 113.3 2.4 515882
2018-01-10_22-22-27 120.0 2.4 515882
2018-01-10_22-22-27 113.3 2.4 515882
2018-01-10_22-22-28 113.3 2.4 515882
2018-01-10_22-22-29 120.0 2.4 515882
2018-01-10_22-22-29 106.7 2.4 515882
2018-01-10_22-22-30 153.3 2.6 515882
2018-01-10_22-22-31 5233 2.6 515882
2018-01-10_22-22-32 113.3 2.6 515882
2018-01-10_22-22-32 113.3 2.6 515882
2018-01-10_22-22-33 113.3 2.6 515882
2018-01-10_22-22-34 113.3 2.6 515882
2018-01-10_22-22-34 120.0 2.6 515882
2018-01-10_22-22-35 106.7 2.6 515882
2018-01-10_22-22-36 133.3 2.6 515882
2018-01-10_22-22-36 200.0 2.6 515882
2018-01-10_22-22-37 113.3 2.6 515882
2018-01-10_22-22-38 133.3 2.6 515882
2018-01-10_22-22-38 106.2 2.6 515882
2018-01-10_22-22-39 106.2 2.6 515882
2018-01-10_22-22-40 120.0 2.6 515882
2018-01-10_22-22-40 120.0 2.6 515882
2018-01-10_22-22-41 113.3 2.6 515882
2018-01-10_22-22-42 4827 2.6 515882
2018-01-10_22-22-42 166.7 2.7 515882
2018-01-10_22-22-43 246.7 2.9 515882
2018-01-10_22-22-44 173.3 3.0 515882
2018-01-10_22-22-44 173.3 3.1 515882
2018-01-10_22-22-45 146.7 3.3 515882
2018-01-10_22-22-46 806.7 3.3 515882
2018-01-10_22-22-46 146.7 3.3 515882
2018-01-10_22-22-47 160.0 3.5 515882
2018-01-10_22-22-48 1127 3.5 515882
2018-01-10_22-22-49 906.7 3.5 515882
2018-01-10_22-22-49 2300 3.5 515882
2018-01-10_22-22-50 5067 3.5 515882
2018-01-10_22-22-51 4733 3.5 515882
2018-01-10_22-22-51 3013 3.5 515882
2018-01-10_22-22-52 5167 3.5 515882
2018-01-10_22-22-53 4973 3.5 515882
2018-01-10_22-22-54 3007 3.5 515882
2018-01-10_22-22-54 4907 3.5 515882
2018-01-10_22-22-55 4927 3.5 515882
2018-01-10_22-22-56 4250 3.5 515882
2018-01-10_22-22-57 4640 3.5 515882
2018-01-10_22-22-57 5120 3.5 515882
2018-01-10_22-22-58 4033 3.5 515882
2018-01-10_22-22-59 4987 3.5 515882
2018-01-10_22-23-00 4453 3.5 515882
2018-01-10_22-23-00 5100 3.5 515882
2018-01-10_22-23-01 4920 3.6 515882
2018-01-10_22-23-02 5167 3.6 515882
2018-01-10_22-23-03 4920 3.6 515882
2018-01-10_22-23-03 4693 3.6 515882
2018-01-10_22-23-04 4947 3.6 515882
2018-01-10_22-23-05 4960 3.6 515882
2018-01-10_22-23-06 4867 3.6 515882
2018-01-10_22-23-06 4881 3.6 515882
2018-01-10_22-23-07 5093 3.6 515882
2018-01-10_22-23-08 2820 3.6 515882
2018-01-10_22-23-08 5067 3.6 515882
2018-01-10_22-23-09 4900 3.6 515882
2018-01-10_22-23-10 4420 3.6 515882
2018-01-10_22-23-11 5120 3.6 515882
2018-01-10_22-23-11 4980 3.6 515882
2018-01-10_22-23-12 4881 3.6 515882
2018-01-10_22-23-13 5073 3.6 515882
2018-01-10_22-23-14 5047 3.6 515882
2018-01-10_22-23-14 4773 3.6 515882
2018-01-10_22-23-15 3060 3.6 515882
2018-01-10_22-23-16 5167 3.6 515882
2018-01-10_22-23-17 4913 3.6 515882
2018-01-10_22-23-17 2113 3.6 515882
2018-01-10_22-23-18 4827 3.6 515882
2018-01-10_22-23-19 4927 3.6 515882
2018-01-10_22-23-20 2880 3.6 515882
2018-01-10_22-23-20 5113 3.6 515882
2018-01-10_22-23-21 5153 3.6 515882
2018-01-10_22-23-22 3587 3.6 515882
2018-01-10_22-23-23 5007 3.6 515882
2018-01-10_22-23-23 5080 3.6 515882
2018-01-10_22-23-24 5020 3.6 515882
2018-01-10_22-23-25 4713 3.6 515882
2018-01-10_22-23-25 4967 3.6 515882
2018-01-10_22-23-26 4580 3.6 515882
2018-01-10_22-23-27 2673 3.6 515882
2018-01-10_22-23-28 5047 3.6 515882
2018-01-10_22-23-28 4775 3.6 515882
2018-01-10_22-23-29 3007 3.6 515882
2018-01-10_22-23-30 4800 3.6 515882
2018-01-10_22-23-31 5247 3.6 515882
2018-01-10_22-23-32 4240 3.6 515882
2018-01-10_22-23-32 5140 3.6 515882
2018-01-10_22-23-33 4807 3.6 515882
2018-01-10_22-23-34 4581 3.6 515882
2018-01-10_22-23-35 1787 3.6 515882
2018-01-10_22-23-35 5153 3.6 515882
2018-01-10_22-23-36 5107 3.6 515882
2018-01-10_22-23-37 2088 3.6 515882
2018-01-10_22-23-37 5127 3.6 515882
2018-01-10_22-23-38 4881 3.6 515882
2018-01-10_22-23-39 4638 3.6 515882
2018-01-10_22-23-40 5107 3.6 515882
2018-01-10_22-23-40 4740 3.6 515882
2018-01-10_22-23-41 5133 3.6 515882
2018-01-10_22-23-42 2876 3.6 515882
2018-01-10_22-23-43 5147 3.6 515882
2018-01-10_22-23-43 5140 3.6 515882
2018-01-10_22-23-44 2553 3.6 515882
2018-01-10_22-23-45 4787 3.6 515882
2018-01-10_22-23-46 5012 3.6 515882
2018-01-10_22-23-46 4427 3.6 515882
2018-01-10_22-23-47 5313 3.6 515882
2018-01-10_22-23-48 4700 3.6 515882
2018-01-10_22-23-49 5080 3.6 515882
2018-01-10_22-23-49 5027 3.6 515882
2018-01-10_22-23-50 5120 3.6 515882
2018-01-10_22-23-51 5167 3.6 515882
2018-01-10_22-23-52 2444 3.6 515882
2018-01-10_22-23-52 5133 3.6 515882
2018-01-10_22-23-53 4838 3.6 515882
2018-01-10_22-23-54 3633 3.6 515882
2018-01-10_22-23-55 5127 3.6 515882
2018-01-10_22-23-55 5167 3.6 515882
2018-01-10_22-23-56 4813 3.6 515882
2018-01-10_22-23-57 4394 3.6 515882
2018-01-10_22-23-58 5040 3.6 515882
2018-01-10_22-23-58 5120 3.6 515882
2018-01-10_22-23-59 2200 3.6 515882
2018-01-10_22-24-00 5307 3.6 515882
2018-01-10_22-24-01 5053 3.6 515882
2018-01-10_22-24-01 5127 3.6 515882
2018-01-10_22-24-02 3873 3.6 515882
2018-01-10_22-24-03 5060 3.6 515882
2018-01-10_22-24-04 5113 3.6 515882
2018-01-10_22-24-04 4407 3.6 515882
2018-01-10_22-24-05 5000 3.6 515882
2018-01-10_22-24-06 5147 3.6 515882
2018-01-10_22-24-07 4853 3.6 515882
2018-01-10_22-24-07 4793 3.6 515882
2018-01-10_22-24-08 5012 3.6 515882
2018-01-10_22-24-09 5047 3.6 515882
2018-01-10_22-24-10 4533 3.6 515882
2018-01-10_22-24-10 4762 3.6 515882
2018-01-10_22-24-11 4987 3.6 515882
2018-01-10_22-24-12 4100 3.6 515882
2018-01-10_22-24-12 4733 3.6 515882
2018-01-10_22-24-13 4927 3.6 515882
2018-01-10_22-24-14 1320 3.6 515882
2018-01-10_22-24-15 5013 3.6 515882
2018-01-10_22-24-15 5140 3.6 515882
2018-01-10_22-24-16 818.8 3.6 515882
2018-01-10_22-24-17 5180 3.6 515882
2018-01-10_22-24-18 5013 3.6 515882
2018-01-10_22-24-18 4933 3.6 515882
2018-01-10_22-24-19 4881 3.6 515882
2018-01-10_22-24-20 4947 3.6 515882
2018-01-10_22-24-21 5160 3.6 515882
2018-01-10_22-24-21 3320 3.6 515882
2018-01-10_22-24-22 5027 3.6 515882
2018-01-10_22-24-23 4833 3.6 515882
2018-01-10_22-24-24 2900 3.6 515882
2018-01-10_22-24-24 5133 3.6 515882
2018-01-10_22-24-25 5253 3.6 515882
2018-01-10_22-24-26 4988 3.6 515882
2018-01-10_22-24-26 4044 3.6 515882
2018-01-10_22-24-27 4769 3.6 515882
2018-01-10_22-24-28 5153 3.6 515882
2018-01-10_22-24-29 2480 3.6 515882
2018-01-10_22-24-29 5147 3.6 515882
2018-01-10_22-24-30 4662 3.6 515882
2018-01-10_22-24-31 2660 3.6 515882
2018-01-10_22-24-32 4888 3.6 515882
2018-01-10_22-24-32 4581 3.6 515882
2018-01-10_22-24-33 3569 3.6 515882
2018-01-10_22-24-34 5173 3.6 515882
2018-01-10_22-24-35 4827 3.6 515882
2018-01-10_22-24-35 5087 3.6 515882
2018-01-10_22-24-36 1987 3.6 515882
2018-01-10_22-24-37 5160 3.6 515882
2018-01-10_22-24-38 4812 3.6 515882
2018-01-10_22-24-38 640.0 3.6 515882
2018-01-10_22-24-39 4993 3.6 515882
2018-01-10_22-24-40 5027 3.6 515882
2018-01-10_22-24-40 4747 3.6 515882
2018-01-10_22-24-41 5047 3.6 515882
2018-01-10_22-24-42 4853 3.6 515882
2018-01-10_22-24-43 4787 3.6 515882
2018-01-10_22-24-43 4667 3.6 515882
2018-01-10_22-24-44 5253 3.6 515882
2018-01-10_22-24-45 5007 3.6 515882
2018-01-10_22-24-46 853.3 3.6 515882
2018-01-10_22-24-46 113.3 3.6 515882
2018-01-10_22-24-47 140.0 3.6 515882
2018-01-10_22-24-48 120.0 3.6 515882
2018-01-10_22-24-48 113.3 3.6 515882
2018-01-10_22-24-49 120.0 3.6 515882
2018-01-10_22-24-50 106.7 3.6 515882
2018-01-10_22-24-50 113.3 3.6 515882
2018-01-10_22-24-51 100.0 3.5 515882
2018-01-10_22-24-52 100.0 3.5 515882
2018-01-10_22-24-52 100.0 3.5 515882
2018-01-10_22-24-53 106.7 3.5 515882
2018-01-10_22-24-54 100.0 3.4 515882
2018-01-10_22-24-54 100.0 3.4 515882
2018-01-10_22-24-55 86.7 0.0 515882
2018-01-10_22-24-56 93.3 0.0 515882
2018-01-10_22-24-56 81.2 0.0 515882
2018-01-10_22-24-57 60.0 0.0 515882
