2018-01-10_22-24-59 66.7 0.0 515882
2018-01-10_22-25-00 60.0 0.0 515882
2018-01-10_22-25-01 93.3 0.0 515882
2018-01-10_22-25-01 100.0 0.0 515882
2018-01-10_22-25-02 100.0 0.0 515882
2018-01-10_22-25-03 100.0 0.0 515882
2018-01-10_22-25-03 100.0 0.0 515882
2018-01-10_22-25-04 100.0 0.0 515882
2018-01-10_22-25-05 100.0 0.0 515882
2018-01-10_22-25-05 100.0 0.1 515882
2018-01-10_22-25-06 93.3 0.1 515882
2018-01-10_22-25-07 100.0 0.1 515882
2018-01-10_22-25-07 100.0 0.1 515882
2018-01-10_22-25-08 100.0 0.1 515882
2018-01-10_22-25-09 100.0 0.1 515882
2018-01-10_22-25-09 100.0 0.1 515882
2018-01-10_22-25-10 93.3 0.1 515882
2018-01-10_22-25-11 87.5 0.1 515882
2018-01-10_22-25-12 93.8 0.2 515882
2018-01-10_22-25-12 100.0 0.2 515882
2018-01-10_22-25-13 100.0 0.2 515882
2018-01-10_22-25-14 53.3 0.3 515882
2018-01-10_22-25-14 100.0 0.3 515882
2018-01-10_22-25-15 73.3 0.3 515882
2018-01-10_22-25-16 73.3 0.4 515882
2018-01-10_22-25-16 200.0 0.5 515882
2018-01-10_22-25-17 133.3 0.6 515882
2018-01-10_22-25-18 1913 0.6 515882
2018-01-10_22-25-18 66.7 0.7 515882
2018-01-10_22-25-19 66.7 0.7 515882
2018-01-10_22-25-20 113.3 0.7 515882
2018-01-10_22-25-20 660.0 0.7 515882
2018-01-10_22-25-21 1613 0.7 515882
2018-01-10_22-25-22 246.7 0.8 515882
2018-01-10_22-25-22 53.3 0.9 515882
2018-01-10_22-25-23 940.0 0.9 515882
2018-01-10_22-25-24 1633 0.9 515882
2018-01-10_22-25-24 313.3 0.9 515882
2018-01-10_22-25-25 66.7 0.9 515882
2018-01-10_22-25-26 487.5 0.9 515882
2018-01-10_22-25-26 1593 0.9 515882
2018-01-10_22-25-27 613.3 0.9 515882
2018-01-10_22-25-28 66.7 0.9 515882
2018-01-10_22-25-28 520.0 0.9 515882
2018-01-10_22-25-29 1369 0.9 515882
2018-01-10_22-25-30 773.3 0.9 515882
2018-01-10_22-25-31 73.3 0.9 515882
2018-01-10_22-25-31 733.3 0.9 515882
2018-01-10_22-25-32 1625 0.9 515882
2018-01-10_22-25-33 1147 0.9 515882
2018-01-10_22-25-33 66.7 0.9 515882
2018-01-10_22-25-34 860.0 0.9 515882
2018-01-10_22-25-35 1607 0.9 515882
2018-01-10_22-25-35 573.3 0.9 515882
2018-01-10_22-25-36 60.0 0.9 515882
2018-01-10_22-25-37 462.5 0.9 515882
2018-01-10_22-25-37 1507 0.9 515882
2018-01-10_22-25-38 740.0 0.9 515882
2018-01-10_22-25-39 62.5 0.9 515882
2018-01-10_22-25-39 493.3 0.9 515882
2018-01-10_22-25-40 1673 0.9 515882
2018-01-10_22-25-41 713.3 0.9 515882
2018-01-10_22-25-41 66.7 0.9 515882
2018-01-10_22-25-42 426.7 0.9 515882
2018-01-10_22-25-43 1613 0.9 515882
2018-01-10_22-25-43 826.7 0.9 515882
2018-01-10_22-25-44 66.7 0.9 515882
2018-01-10_22-25-45 160.0 0.9 515882
2018-01-10_22-25-46 1640 0.9 515882
2018-01-10_22-25-46 1267 0.9 515882
2018-01-10_22-25-47 73.3 0.9 515882
2018-01-10_22-25-48 53.3 0.9 515882
2018-01-10_22-25-48 1620 0.9 515882
2018-01-10_22-25-49 1680 0.9 515882
2018-01-10_22-25-50 326.7 0.9 515882
2018-01-10_22-25-50 53.3 0.9 515882
2018-01-10_22-25-51 1338 0.9 515882
2018-01-10_22-25-52 1488 0.9 515882
2018-01-10_22-25-52 846.7 0.9 515882
2018-01-10_22-25-53 60.0 0.9 515882
2018-01-10_22-25-54 100.0 0.6 515882
2018-01-10_22-25-54 86.7 0.0 515882
