2018-01-10_22-25-57 160.0 0.0 515882
2018-01-10_22-25-57 66.7 0.0 515882
2018-01-10_22-25-58 100.0 0.0 515882
2018-01-10_22-25-59 100.0 0.0 515882
2018-01-10_22-25-59 100.0 0.0 515882
2018-01-10_22-26-00 100.0 0.0 515882
2018-01-10_22-26-01 93.3 0.0 515882
2018-01-10_22-26-01 93.3 0.0 515882
2018-01-10_22-26-02 100.0 0.0 515882
2018-01-10_22-26-03 93.3 0.1 515882
2018-01-10_22-26-03 93.3 0.1 515882
2018-01-10_22-26-04 100.0 0.1 515882
2018-01-10_22-26-05 100.0 0.1 515882
2018-01-10_22-26-05 100.0 0.1 515882
2018-01-10_22-26-06 100.0 0.1 515882
2018-01-10_22-26-07 100.0 0.1 515882
2018-01-10_22-26-07 100.0 0.1 515882
2018-01-10_22-26-08 100.0 0.1 515882
2018-01-10_22-26-09 100.0 0.1 515882
2018-01-10_22-26-09 93.3 0.1 515882
2018-01-10_22-26-10 100.0 0.1 515882
2018-01-10_22-26-11 100.0 0.1 515882
2018-01-10_22-26-11 93.3 0.1 515882
2018-01-10_22-26-12 100.0 0.1 515882
2018-01-10_22-26-13 100.0 0.1 515882
2018-01-10_22-26-13 100.0 0.1 515882
2018-01-10_22-26-14 100.0 0.1 515882
2018-01-10_22-26-15 100.0 0.1 515882
2018-01-10_22-26-15 93.3 0.1 515882
2018-01-10_22-26-16 93.3 0.1 515882
2018-01-10_22-26-17 87.5 0.1 515882
2018-01-10_22-26-17 100.0 0.1 515882
2018-01-10_22-26-18 100.0 0.2 515882
2018-01-10_22-26-19 93.8 0.1 515882
2018-01-10_22-26-19 93.3 0.2 515882
2018-01-10_22-26-20 106.7 0.4 515882
2018-01-10_22-26-21 100.0 0.4 515882
2018-01-10_22-26-22 106.7 0.4 515882
2018-01-10_22-26-22 106.7 0.4 515882
2018-01-10_22-26-23 100.0 0.4 515882
2018-01-10_22-26-24 106.7 0.4 515882
2018-01-10_22-26-24 46.7 0.4 515882
2018-01-10_22-26-25 46.7 0.5 515882
2018-01-10_22-26-26 106.7 0.5 515882
2018-01-10_22-26-26 100.0 0.5 515882
2018-01-10_22-26-27 226.7 0.5 515882
2018-01-10_22-26-28 73.3 0.6 515882
2018-01-10_22-26-28 353.3 0.8 515882
2018-01-10_22-26-29 166.7 0.8 515882
2018-01-10_22-26-30 100.0 0.9 515882
2018-01-10_22-26-30 100.0 0.9 515882
2018-01-10_22-26-31 106.7 0.9 515882
2018-01-10_22-26-32 106.7 0.9 515882
2018-01-10_22-26-32 93.3 0.9 515882
2018-01-10_22-26-33 173.3 1.0 515882
2018-01-10_22-26-34 93.3 1.1 515882
2018-01-10_22-26-34 233.3 1.1 515882
2018-01-10_22-26-35 3293 1.1 515882
2018-01-10_22-26-36 3280 1.1 515882
2018-01-10_22-26-36 2580 1.1 515882
2018-01-10_22-26-37 1387 1.1 515882
2018-01-10_22-26-38 120.0 1.2 515882
2018-01-10_22-26-38 293.3 1.2 515882
2018-01-10_22-26-39 1619 1.2 515882
2018-01-10_22-26-40 3567 1.2 515882
2018-01-10_22-26-41 2700 1.2 515882
2018-01-10_22-26-41 746.7 1.2 515882
2018-01-10_22-26-42 453.3 1.2 515882
2018-01-10_22-26-43 153.3 1.2 515882
2018-01-10_22-26-43 106.2 1.2 515882
2018-01-10_22-26-44 613.3 1.2 515882
2018-01-10_22-26-45 1906 1.2 515882
2018-01-10_22-26-45 3012 1.2 515882
2018-01-10_22-26-46 2273 1.2 515882
2018-01-10_22-26-47 1244 1.2 515882
2018-01-10_22-26-47 373.3 1.2 515882
2018-01-10_22-26-48 173.3 1.3 515882
2018-01-10_22-26-49 180.0 1.3 515882
2018-01-10_22-26-49 100.0 1.3 515882
2018-01-10_22-26-50 413.3 1.3 515882
2018-01-10_22-26-51 1100 1.3 515882
2018-01-10_22-26-52 2467 1.3 515882
2018-01-10_22-26-52 3480 1.3 515882
2018-01-10_22-26-53 2573 1.3 515882
2018-01-10_22-26-54 1700 1.3 515882
2018-01-10_22-26-54 653.3 1.3 515882
2018-01-10_22-26-55 160.0 1.3 515882
2018-01-10_22-26-56 93.3 1.3 515882
2018-01-10_22-26-56 512.5 1.3 515882
2018-01-10_22-26-57 2673 1.3 515882
2018-01-10_22-26-58 3147 1.3 515882
2018-01-10_22-26-58 3194 1.3 515882
2018-01-10_22-26-59 2380 1.3 515882
2018-01-10_22-27-00 1633 1.3 515882
2018-01-10_22-27-00 326.7 1.3 515882
2018-01-10_22-27-01 166.7 1.3 515882
2018-01-10_22-27-02 120.0 1.3 515882
2018-01-10_22-27-02 120.0 1.3 515882
2018-01-10_22-27-03 1427 1.3 515882
2018-01-10_22-27-04 2594 1.3 515882
2018-01-10_22-27-05 3547 1.3 515882
2018-01-10_22-27-05 1593 1.3 515882
2018-01-10_22-27-06 580.0 1.3 515882
2018-01-10_22-27-07 240.0 1.3 515882
2018-01-10_22-27-07 133.3 1.3 515882
2018-01-10_22-27-08 393.8 1.3 515882
2018-01-10_22-27-09 2153 1.3 515882
2018-01-10_22-27-09 2893 1.3 515882
2018-01-10_22-27-10 3133 1.3 515882
2018-01-10_22-27-11 106.7 1.3 515882
2018-01-10_22-27-11 100.0 1.0 515882
2018-01-10_22-27-12 106.7 1.0 515882
2018-01-10_22-27-13 86.7 0.0 515882
