2018-01-10_22-27-14 60.0 0.0 515882
2018-01-10_22-27-14 73.3 0.0 515882
2018-01-10_22-27-15 93.3 0.0 515882
2018-01-10_22-27-16 100.0 0.0 515882
2018-01-10_22-27-16 100.0 0.0 515882
2018-01-10_22-27-17 100.0 0.0 515882
2018-01-10_22-27-18 100.0 0.0 515882
2018-01-10_22-27-18 100.0 0.0 515882
2018-01-10_22-27-19 100.0 0.0 515882
2018-01-10_22-27-20 100.0 0.1 515882
2018-01-10_22-27-20 100.0 0.1 515882
2018-01-10_22-27-21 93.3 0.1 515882
2018-01-10_22-27-22 100.0 0.1 515882
2018-01-10_22-27-22 93.3 0.1 515882
2018-01-10_22-27-23 100.0 0.1 515882
2018-01-10_22-27-24 93.8 0.1 515882
2018-01-10_22-27-24 100.0 0.1 515882
2018-01-10_22-27-25 100.0 0.1 515882
2018-01-10_22-27-26 93.3 0.1 515882
2018-01-10_22-27-26 100.0 0.1 515882
2018-01-10_22-27-27 100.0 0.1 515882
2018-01-10_22-27-28 100.0 0.1 515882
2018-01-10_22-27-28 100.0 0.1 515882
2018-01-10_22-27-29 93.8 0.1 515882
2018-01-10_22-27-30 93.8 0.1 515882
2018-01-10_22-27-30 100.0 0.1 515882
2018-01-10_22-27-31 100.0 0.1 515882
2018-01-10_22-27-32 100.0 0.1 515882
2018-01-10_22-27-33 100.0 0.1 515882
2018-01-10_22-27-33 100.0 0.1 515882
2018-01-10_22-27-34 100.0 0.1 515882
2018-01-10_22-27-35 100.0 0.1 515882
2018-01-10_22-27-35 100.0 0.1 515882
2018-01-10_22-27-36 100.0 0.1 515882
2018-01-10_22-27-37 100.0 0.1 515882
2018-01-10_22-27-37 100.0 0.1 515882
2018-01-10_22-27-38 100.0 0.1 515882
2018-01-10_22-27-39 93.3 0.1 515882
2018-01-10_22-27-39 100.0 0.1 515882
2018-01-10_22-27-40 93.3 0.1 515882
2018-01-10_22-27-41 100.0 0.1 515882
2018-01-10_22-27-41 93.3 0.1 515882
2018-01-10_22-27-42 100.0 0.1 515882
2018-01-10_22-27-43 100.0 0.1 515882
2018-01-10_22-27-43 100.0 0.1 515882
2018-01-10_22-27-44 100.0 0.1 515882
2018-01-10_22-27-45 100.0 0.1 515882
2018-01-10_22-27-45 100.0 0.2 515882
2018-01-10_22-27-46 93.3 0.2 515882
2018-01-10_22-27-47 100.0 0.2 515882
2018-01-10_22-27-47 100.0 0.2 515882
2018-01-10_22-27-48 100.0 0.2 515882
2018-01-10_22-27-49 100.0 0.2 515882
2018-01-10_22-27-49 100.0 0.2 515882
2018-01-10_22-27-50 100.0 0.2 515882
2018-01-10_22-27-51 100.0 0.2 515882
2018-01-10_22-27-51 100.0 0.2 515882
2018-01-10_22-27-52 93.3 0.2 515882
2018-01-10_22-27-53 100.0 0.2 515882
2018-01-10_22-27-53 93.3 0.2 515882
2018-01-10_22-27-54 100.0 0.2 515882
2018-01-10_22-27-55 93.3 0.2 515882
2018-01-10_22-27-55 100.0 0.2 515882
2018-01-10_22-27-56 100.0 0.3 515882
2018-01-10_22-27-57 100.0 0.3 515882
2018-01-10_22-27-57 87.5 0.3 515882
2018-01-10_22-27-58 86.7 0.3 515882
2018-01-10_22-27-59 93.8 0.3 515882
2018-01-10_22-27-59 106.7 0.5 515882
2018-01-10_22-28-00 100.0 0.7 515882
2018-01-10_22-28-01 100.0 0.7 515882
2018-01-10_22-28-01 106.7 0.7 515882
2018-01-10_22-28-02 106.7 0.7 515882
2018-01-10_22-28-03 100.0 0.7 515882
2018-01-10_22-28-03 106.7 0.7 515882
2018-01-10_22-28-04 106.7 0.7 515882
2018-01-10_22-28-05 106.7 0.7 515882
2018-01-10_22-28-06 106.7 0.8 515882
2018-01-10_22-28-06 106.7 0.8 515882
2018-01-10_22-28-07 100.0 0.8 515882
2018-01-10_22-28-08 106.7 0.8 515882
2018-01-10_22-28-08 126.7 0.8 515882
2018-01-10_22-28-09 60.0 0.8 515882
2018-01-10_22-28-10 140.0 0.9 515882
2018-01-10_22-28-10 106.7 0.9 515882
2018-01-10_22-28-11 113.3 0.9 515882
2018-01-10_22-28-12 113.3 0.9 515882
2018-01-10_22-28-12 106.7 0.9 515882
2018-01-10_22-28-13 106.7 0.9 515882
2018-01-10_22-28-14 186.7 0.9 515882
2018-01-10_22-28-14 66.7 1.1 515882
2018-01-10_22-28-15 120.0 1.1 515882
2018-01-10_22-28-16 180.0 1.3 515882
2018-01-10_22-28-16 100.0 1.3 515882
2018-01-10_22-28-17 106.7 1.3 515882
2018-01-10_22-28-18 106.7 1.3 515882
2018-01-10_22-28-18 106.7 1.3 515882
2018-01-10_22-28-19 3947 1.3 515882
2018-01-10_22-28-20 133.3 1.3 515882
2018-01-10_22-28-20 100.0 1.3 515882
2018-01-10_22-28-21 126.7 1.3 515882
2018-01-10_22-28-22 106.7 1.3 515882
2018-01-10_22-28-22 106.7 1.3 515882
2018-01-10_22-28-23 173.3 1.3 515882
2018-01-10_22-28-24 200.0 1.4 515882
2018-01-10_22-28-24 153.3 1.5 515882
2018-01-10_22-28-25 313.3 1.6 515882
2018-01-10_22-28-26 146.7 1.7 515882
2018-01-10_22-28-27 580.0 1.8 515882
2018-01-10_22-28-27 1413 1.8 515882
2018-01-10_22-28-28 853.3 1.8 515882
2018-01-10_22-28-29 1893 1.8 515882
2018-01-10_22-28-29 486.7 1.9 515882
2018-01-10_22-28-30 3900 1.9 515882
2018-01-10_22-28-31 1981 1.9 515882
2018-01-10_22-28-31 2013 1.9 515882
2018-01-10_22-28-32 1038 1.9 515882
2018-01-10_22-28-33 1480 1.9 515882
2018-01-10_22-28-34 1620 1.9 515882
2018-01-10_22-28-34 1140 1.9 515882
2018-01-10_22-28-35 943.8 1.9 515882
2018-01-10_22-28-36 1000 1.9 515882
2018-01-10_22-28-36 1827 1.9 515882
2018-01-10_22-28-37 1227 1.9 515882
2018-01-10_22-28-38 1060 1.9 515882
2018-01-10_22-28-38 713.3 1.9 515882
2018-01-10_22-28-39 3713 1.9 515882
2018-01-10_22-28-40 5120 1.9 515882
2018-01-10_22-28-41 4820 1.9 515882
2018-01-10_22-28-41 4827 1.9 515882
2018-01-10_22-28-42 5173 1.9 515882
2018-01-10_22-28-43 2927 1.9 515882
2018-01-10_22-28-43 2313 1.9 515882
2018-01-10_22-28-44 2960 1.9 515882
2018-01-10_22-28-45 3620 1.9 515882
2018-01-10_22-28-46 2913 1.9 515882
2018-01-10_22-28-46 2960 1.9 515882
2018-01-10_22-28-47 1760 1.9 515882
2018-01-10_22-28-48 1393 1.9 515882
2018-01-10_22-28-48 2167 1.9 515882
2018-01-10_22-28-49 2760 1.9 515882
2018-01-10_22-28-50 3013 1.9 515882
2018-01-10_22-28-51 2331 1.9 515882
2018-01-10_22-28-51 2600 1.9 515882
2018-01-10_22-28-52 3147 1.9 515882
2018-01-10_22-28-53 3287 2.0 515882
2018-01-10_22-28-53 3807 2.0 515882
2018-01-10_22-28-54 4313 2.0 515882
2018-01-10_22-28-55 4207 2.0 515882
2018-01-10_22-28-56 1560 2.0 515882
2018-01-10_22-28-56 233.3 2.0 515882
2018-01-10_22-28-57 2173 2.0 515882
2018-01-10_22-28-58 3493 2.0 515882
2018-01-10_22-28-58 3507 2.0 515882
2018-01-10_22-28-59 4933 2.0 515882
2018-01-10_22-29-00 5000 2.0 515882
2018-01-10_22-29-00 4540 2.0 515882
2018-01-10_22-29-01 4613 2.0 515882
2018-01-10_22-29-02 4780 2.0 515882
2018-01-10_22-29-03 4387 2.0 515882
2018-01-10_22-29-03 4487 2.0 515882
2018-01-10_22-29-04 4353 2.0 515882
2018-01-10_22-29-05 4287 2.0 515882
2018-01-10_22-29-05 2833 2.0 515882
2018-01-10_22-29-06 1550 2.0 515882
2018-01-10_22-29-07 320.0 2.0 515882
2018-01-10_22-29-07 106.7 2.0 515882
2018-01-10_22-29-08 106.7 2.0 515882
2018-01-10_22-29-09 100.0 1.9 515882
2018-01-10_22-29-09 100.0 1.9 515882
2018-01-10_22-29-10 100.0 1.9 515882
2018-01-10_22-29-11 93.3 0.0 515882
2018-01-10_22-29-11 93.3 0.0 515882
