2018-01-10_22-29-13 40.0 0.0 515882
2018-01-10_22-29-13 73.3 0.0 515882
2018-01-10_22-29-14 93.3 0.0 515882
2018-01-10_22-29-15 100.0 0.0 515882
2018-01-10_22-29-15 93.8 0.0 515882
2018-01-10_22-29-16 100.0 0.0 515882
2018-01-10_22-29-17 100.0 0.0 515882
2018-01-10_22-29-18 93.3 0.0 515882
2018-01-10_22-29-18 100.0 0.0 515882
2018-01-10_22-29-19 93.8 0.1 515882
2018-01-10_22-29-20 100.0 0.1 515882
2018-01-10_22-29-20 100.0 0.1 515882
2018-01-10_22-29-21 100.0 0.1 515882
2018-01-10_22-29-22 100.0 0.1 515882
2018-01-10_22-29-22 100.0 0.1 515882
2018-01-10_22-29-23 100.0 0.1 515882
2018-01-10_22-29-24 100.0 0.1 515882
2018-01-10_22-29-24 100.0 0.1 515882
2018-01-10_22-29-25 100.0 0.1 515882
2018-01-10_22-29-26 100.0 0.1 515882
2018-01-10_22-29-26 100.0 0.1 515882
2018-01-10_22-29-27 100.0 0.1 515882
2018-01-10_22-29-28 100.0 0.1 515882
2018-01-10_22-29-28 93.3 0.1 515882
2018-01-10_22-29-29 100.0 0.1 515882
2018-01-10_22-29-30 93.3 0.1 515882
2018-01-10_22-29-30 100.0 0.1 515882
2018-01-10_22-29-31 93.8 0.1 515882
2018-01-10_22-29-32 93.3 0.1 515882
2018-01-10_22-29-32 100.0 0.1 515882
2018-01-10_22-29-33 93.8 0.1 515882
2018-01-10_22-29-34 100.0 0.1 515882
2018-01-10_22-29-34 100.0 0.1 515882
2018-01-10_22-29-35 100.0 0.1 515882
2018-01-10_22-29-36 100.0 0.1 515882
2018-01-10_22-29-36 100.0 0.1 515882
2018-01-10_22-29-37 100.0 0.1 515882
2018-01-10_22-29-38 100.0 0.1 515882
2018-01-10_22-29-38 100.0 0.1 515882
2018-01-10_22-29-39 100.0 0.1 515882
2018-01-10_22-29-40 100.0 0.1 515882
2018-01-10_22-29-40 100.0 0.1 515882
2018-01-10_22-29-41 100.0 0.1 515882
2018-01-10_22-29-42 93.3 0.1 515882
2018-01-10_22-29-42 100.0 0.1 515882
2018-01-10_22-29-43 93.3 0.1 515882
2018-01-10_22-29-44 93.3 0.2 515882
2018-01-10_22-29-44 100.0 0.2 515882
2018-01-10_22-29-45 100.0 0.2 515882
2018-01-10_22-29-46 100.0 0.2 515882
2018-01-10_22-29-46 100.0 0.2 515882
2018-01-10_22-29-47 93.3 0.2 515882
2018-01-10_22-29-48 100.0 0.2 515882
2018-01-10_22-29-48 93.3 0.2 515882
2018-01-10_22-29-49 93.3 0.2 515882
2018-01-10_22-29-50 100.0 0.2 515882
2018-01-10_22-29-50 100.0 0.2 515882
2018-01-10_22-29-51 100.0 0.2 515882
2018-01-10_22-29-52 100.0 0.2 515882
2018-01-10_22-29-52 100.0 0.2 515882
2018-01-10_22-29-53 100.0 0.2 515882
2018-01-10_22-29-54 100.0 0.2 515882
2018-01-10_22-29-54 100.0 0.2 515882
2018-01-10_22-29-55 93.3 0.2 515882
2018-01-10_22-29-56 100.0 0.2 515882
2018-01-10_22-29-56 100.0 0.2 515882
2018-01-10_22-29-57 100.0 0.2 515882
2018-01-10_22-29-58 93.3 0.2 515882
2018-01-10_22-29-58 93.3 0.2 515882
2018-01-10_22-29-59 93.3 0.2 515882
2018-01-10_22-30-00 100.0 0.2 515882
2018-01-10_22-30-00 100.0 0.2 515882
2018-01-10_22-30-01 100.0 0.2 515882
2018-01-10_22-30-02 100.0 0.2 515882
2018-01-10_22-30-03 100.0 0.2 515882
2018-01-10_22-30-03 100.0 0.2 515882
2018-01-10_22-30-04 100.0 0.2 515882
2018-01-10_22-30-05 100.0 0.2 515882
2018-01-10_22-30-05 100.0 0.2 515882
2018-01-10_22-30-06 93.3 0.2 515882
2018-01-10_22-30-07 93.3 0.3 515882
2018-01-10_22-30-07 100.0 0.3 515882
2018-01-10_22-30-08 100.0 0.3 515882
2018-01-10_22-30-09 93.3 0.3 515882
2018-01-10_22-30-09 100.0 0.3 515882
2018-01-10_22-30-10 100.0 0.3 515882
2018-01-10_22-30-11 100.0 0.3 515882
2018-01-10_22-30-11 100.0 0.3 515882
2018-01-10_22-30-12 100.0 0.3 515882
2018-01-10_22-30-13 87.5 0.3 515882
2018-01-10_22-30-13 100.0 0.3 515882
2018-01-10_22-30-14 87.5 0.3 515882
2018-01-10_22-30-15 100.0 0.3 515882
2018-01-10_22-30-15 100.0 0.3 515882
2018-01-10_22-30-16 100.0 0.3 515882
2018-01-10_22-30-17 93.3 0.3 515882
2018-01-10_22-30-17 93.8 0.3 515882
2018-01-10_22-30-18 100.0 0.3 515882
2018-01-10_22-30-19 93.8 0.3 515882
2018-01-10_22-30-19 100.0 0.3 515882
2018-01-10_22-30-20 100.0 0.3 515882
2018-01-10_22-30-21 100.0 0.3 515882
2018-01-10_22-30-21 93.3 0.3 515882
2018-01-10_22-30-22 100.0 0.3 515882
2018-01-10_22-30-23 93.3 0.3 515882
2018-01-10_22-30-23 100.0 0.3 515882
2018-01-10_22-30-24 100.0 0.3 515882
2018-01-10_22-30-25 100.0 0.3 515882
2018-01-10_22-30-25 100.0 0.3 515882
2018-01-10_22-30-26 93.3 0.3 515882
2018-01-10_22-30-27 93.3 0.3 515882
2018-01-10_22-30-27 100.0 0.3 515882
2018-01-10_22-30-28 100.0 0.3 515882
2018-01-10_22-30-29 100.0 0.3 515882
2018-01-10_22-30-29 100.0 0.4 515882
2018-01-10_22-30-30 100.0 0.4 515882
2018-01-10_22-30-31 100.0 0.4 515882
2018-01-10_22-30-31 100.0 0.4 515882
2018-01-10_22-30-32 100.0 0.4 515882
2018-01-10_22-30-33 100.0 0.5 515882
2018-01-10_22-30-33 100.0 0.5 515882
2018-01-10_22-30-34 100.0 0.5 515882
2018-01-10_22-30-35 100.0 0.5 515882
2018-01-10_22-30-35 100.0 0.5 515882
2018-01-10_22-30-36 100.0 0.5 515882
2018-01-10_22-30-37 100.0 0.5 515882
2018-01-10_22-30-37 93.3 0.5 515882
2018-01-10_22-30-38 81.2 0.5 515882
2018-01-10_22-30-39 81.2 0.5 515882
2018-01-10_22-30-40 86.7 0.5 515882
2018-01-10_22-30-40 86.7 0.6 515882
2018-01-10_22-30-41 80.0 0.6 515882
2018-01-10_22-30-42 100.0 0.7 515882
2018-01-10_22-30-42 106.7 1.1 515882
2018-01-10_22-30-43 113.3 1.4 515882
2018-01-10_22-30-44 120.0 1.4 515882
2018-01-10_22-30-44 120.0 1.4 515882
2018-01-10_22-30-45 126.7 1.4 515882
2018-01-10_22-30-46 113.3 1.4 515882
2018-01-10_22-30-46 113.3 1.4 515882
2018-01-10_22-30-47 113.3 1.4 515882
2018-01-10_22-30-48 113.3 1.4 515882
2018-01-10_22-30-48 120.0 1.4 515882
2018-01-10_22-30-49 120.0 1.4 515882
2018-01-10_22-30-50 113.3 1.4 515882
2018-01-10_22-30-50 113.3 1.4 515882
2018-01-10_22-30-51 113.3 1.4 515882
2018-01-10_22-30-52 120.0 1.5 515882
2018-01-10_22-30-52 113.3 1.5 515882
2018-01-10_22-30-53 120.0 1.6 515882
2018-01-10_22-30-54 106.7 1.6 515882
2018-01-10_22-30-54 113.3 1.5 515882
2018-01-10_22-30-55 113.3 1.5 515882
2018-01-10_22-30-56 113.3 1.5 515882
2018-01-10_22-30-56 113.3 1.5 515882
2018-01-10_22-30-57 126.7 1.5 515882
2018-01-10_22-30-58 93.3 1.5 515882
2018-01-10_22-30-58 33.3 1.6 515882
2018-01-10_22-30-59 140.0 1.7 515882
2018-01-10_22-31-00 146.7 1.8 515882
2018-01-10_22-31-00 120.0 1.8 515882
2018-01-10_22-31-01 113.3 1.8 515882
2018-01-10_22-31-02 126.7 1.8 515882
2018-01-10_22-31-03 120.0 1.8 515882
2018-01-10_22-31-03 113.3 1.8 515882
2018-01-10_22-31-04 120.0 1.8 515882
2018-01-10_22-31-05 113.3 1.8 515882
2018-01-10_22-31-05 113.3 1.8 515882
2018-01-10_22-31-06 113.3 1.8 515882
2018-01-10_22-31-07 113.3 1.8 515882
2018-01-10_22-31-07 120.0 1.8 515882
2018-01-10_22-31-08 113.3 1.8 515882
2018-01-10_22-31-09 186.7 1.9 515882
2018-01-10_22-31-09 73.3 2.0 515882
2018-01-10_22-31-10 213.3 2.2 515882
2018-01-10_22-31-11 920.0 2.2 515882
2018-01-10_22-31-11 113.3 2.3 515882
2018-01-10_22-31-12 120.0 2.3 515882
2018-01-10_22-31-13 113.3 2.3 515882
2018-01-10_22-31-13 106.7 2.3 515882
2018-01-10_22-31-14 140.0 2.3 515882
2018-01-10_22-31-15 106.7 2.3 515882
2018-01-10_22-31-15 120.0 2.3 515882
2018-01-10_22-31-16 120.0 2.3 515882
2018-01-10_22-31-17 120.0 2.3 515882
2018-01-10_22-31-17 1031 2.3 515882
2018-01-10_22-31-18 113.3 2.3 515882
2018-01-10_22-31-19 120.0 2.3 515882
2018-01-10_22-31-19 113.3 2.3 515882
2018-01-10_22-31-20 113.3 2.3 515882
2018-01-10_22-31-21 120.0 2.3 515882
2018-01-10_22-31-21 106.7 2.3 515882
2018-01-10_22-31-22 181.2 2.3 515882
2018-01-10_22-31-23 120.0 2.3 515882
2018-01-10_22-31-23 106.7 2.3 515882
2018-01-10_22-31-24 113.3 2.3 515882
2018-01-10_22-31-25 120.0 2.3 515882
2018-01-10_22-31-25 113.3 2.3 515882
2018-01-10_22-31-26 113.3 2.3 515882
2018-01-10_22-31-27 4787 2.3 515882
2018-01-10_22-31-28 166.7 2.5 515882
2018-01-10_22-31-28 206.7 2.6 515882
2018-01-10_22-31-29 160.0 2.7 515882
2018-01-10_22-31-30 180.0 2.8 515882
2018-01-10_22-31-30 640.0 3.0 515882
2018-01-10_22-31-31 153.3 3.0 515882
2018-01-10_22-31-32 173.3 3.1 515882
2018-01-10_22-31-32 860.0 3.2 515882
2018-01-10_22-31-33 4420 3.2 515882
2018-01-10_22-31-34 4873 3.2 515882
2018-01-10_22-31-34 4260 3.2 515882
2018-01-10_22-31-35 2719 3.2 515882
2018-01-10_22-31-36 4775 3.2 515882
2018-01-10_22-31-37 4820 3.2 515882
2018-01-10_22-31-37 3927 3.2 515882
2018-01-10_22-31-38 4407 3.2 515882
2018-01-10_22-31-39 3067 3.2 515882
2018-01-10_22-31-39 4887 3.2 515882
2018-01-10_22-31-40 4653 3.2 515882
2018-01-10_22-31-41 2800 3.2 515882
2018-01-10_22-31-42 3607 3.3 515882
2018-01-10_22-31-42 4238 3.3 515882
2018-01-10_22-31-43 4927 3.3 515882
2018-01-10_22-31-44 2820 3.3 515882
2018-01-10_22-31-44 3047 3.3 515882
2018-01-10_22-31-45 4433 3.3 515882
2018-01-10_22-31-46 4247 3.3 515882
2018-01-10_22-31-47 3000 3.3 515882
2018-01-10_22-31-47 3460 3.3 515882
2018-01-10_22-31-48 3447 3.3 515882
2018-01-10_22-31-49 4827 3.3 515882
2018-01-10_22-31-49 4738 3.3 515882
2018-01-10_22-31-50 5060 3.3 515882
2018-01-10_22-31-51 106.7 3.3 515882
2018-01-10_22-31-52 3781 3.3 515882
2018-01-10_22-31-52 5207 3.3 515882
2018-01-10_22-31-53 3173 3.3 515882
2018-01-10_22-31-54 4860 3.3 515882
2018-01-10_22-31-55 4807 3.3 515882
2018-01-10_22-31-55 4707 3.3 515882
2018-01-10_22-31-56 340.0 3.3 515882
2018-01-10_22-31-57 2253 3.3 515882
2018-01-10_22-31-57 4060 3.3 515882
2018-01-10_22-31-58 4920 3.3 515882
2018-01-10_22-31-59 2000 3.3 515882
2018-01-10_22-31-59 4867 3.3 515882
2018-01-10_22-32-00 4687 3.3 515882
2018-01-10_22-32-01 2531 3.3 515882
2018-01-10_22-32-02 5087 3.3 515882
2018-01-10_22-32-02 4400 3.3 515882
2018-01-10_22-32-03 3087 3.3 515882
2018-01-10_22-32-04 3307 3.3 515882
2018-01-10_22-32-05 4856 3.3 515882
2018-01-10_22-32-05 4813 3.3 515882
2018-01-10_22-32-06 4920 3.3 515882
2018-01-10_22-32-07 4007 3.3 515882
2018-01-10_22-32-07 3913 3.3 515882
2018-01-10_22-32-08 4980 3.3 515882
2018-01-10_22-32-09 4973 3.3 515882
2018-01-10_22-32-10 5087 3.3 515882
2018-01-10_22-32-10 300.0 3.3 515882
2018-01-10_22-32-11 3273 3.3 515882
2018-01-10_22-32-12 4913 3.3 515882
2018-01-10_22-32-12 4107 3.3 515882
2018-01-10_22-32-13 3940 3.3 515882
2018-01-10_22-32-14 4700 3.3 515882
2018-01-10_22-32-15 2606 3.3 515882
2018-01-10_22-32-15 4207 3.3 515882
2018-01-10_22-32-16 5193 3.3 515882
2018-01-10_22-32-17 2707 3.3 515882
2018-01-10_22-32-17 4594 3.3 515882
2018-01-10_22-32-18 5053 3.3 515882
2018-01-10_22-32-19 2200 3.3 515882
2018-01-10_22-32-20 5060 3.3 515882
2018-01-10_22-32-20 5040 3.3 515882
2018-01-10_22-32-21 2993 3.3 515882
2018-01-10_22-32-22 4647 3.3 515882
2018-01-10_22-32-23 4806 3.3 515882
2018-01-10_22-32-23 4553 3.3 515882
2018-01-10_22-32-24 3307 3.3 515882
2018-01-10_22-32-25 2733 3.3 515882
2018-01-10_22-32-25 4533 3.3 515882
2018-01-10_22-32-26 4727 3.3 515882
2018-01-10_22-32-27 5160 3.3 515882
2018-01-10_22-32-28 2873 3.3 515882
2018-01-10_22-32-28 4731 3.3 515882
2018-01-10_22-32-29 4953 3.3 515882
2018-01-10_22-32-30 2953 3.3 515882
2018-01-10_22-32-30 4881 3.3 515882
2018-01-10_22-32-31 4740 3.3 515882
2018-01-10_22-32-32 4520 3.3 515882
2018-01-10_22-32-33 4713 3.3 515882
2018-01-10_22-32-33 1340 3.3 515882
2018-01-10_22-32-34 293.3 3.3 515882
2018-01-10_22-32-35 4480 3.3 515882
2018-01-10_22-32-36 4753 3.3 515882
2018-01-10_22-32-36 120.0 3.3 515882
2018-01-10_22-32-37 113.3 3.3 515882
2018-01-10_22-32-38 120.0 3.3 515882
2018-01-10_22-32-38 113.3 3.3 515882
2018-01-10_22-32-39 113.3 3.3 515882
2018-01-10_22-32-40 120.0 3.3 515882
2018-01-10_22-32-40 100.0 3.2 515882
2018-01-10_22-32-41 113.3 3.2 515882
2018-01-10_22-32-42 93.3 3.2 515882
2018-01-10_22-32-42 100.0 3.2 515882
2018-01-10_22-32-43 113.3 3.1 515882
2018-01-10_22-32-44 93.3 0.0 515882
2018-01-10_22-32-44 86.7 0.0 515882
2018-01-10_22-32-45 86.7 0.0 515882
2018-01-10_22-32-46 80.0 0.0 515882
