2018-01-10_22-08-55 73.3 0.0 515882
2018-01-10_22-08-55 53.3 0.0 515882
2018-01-10_22-08-56 100.0 0.0 515882
2018-01-10_22-08-57 100.0 0.0 515882
2018-01-10_22-08-57 100.0 0.0 515882
2018-01-10_22-08-58 93.3 0.0 515882
2018-01-10_22-08-59 93.3 0.0 515882
2018-01-10_22-08-59 100.0 0.0 515882
2018-01-10_22-09-00 100.0 0.0 515882
2018-01-10_22-09-01 100.0 0.1 515882
2018-01-10_22-09-01 100.0 0.1 515882
2018-01-10_22-09-02 100.0 0.1 515882
2018-01-10_22-09-03 93.3 0.1 515882
2018-01-10_22-09-03 100.0 0.1 515882
2018-01-10_22-09-04 100.0 0.1 515882
2018-01-10_22-09-05 100.0 0.1 515882
2018-01-10_22-09-05 93.3 0.1 515882
2018-01-10_22-09-06 100.0 0.1 515882
2018-01-10_22-09-07 100.0 0.1 515882
2018-01-10_22-09-07 100.0 0.1 515882
2018-01-10_22-09-08 100.0 0.1 515882
2018-01-10_22-09-09 87.5 0.1 515882
2018-01-10_22-09-09 100.0 0.1 515882
2018-01-10_22-09-10 100.0 0.1 515882
2018-01-10_22-09-11 93.8 0.1 515882
2018-01-10_22-09-11 100.0 0.1 515882
2018-01-10_22-09-12 100.0 0.1 515882
2018-01-10_22-09-13 100.0 0.1 515882
2018-01-10_22-09-14 93.3 0.1 515882
2018-01-10_22-09-14 100.0 0.1 515882
2018-01-10_22-09-15 100.0 0.1 515882
2018-01-10_22-09-16 100.0 0.1 515882
2018-01-10_22-09-16 100.0 0.1 515882
2018-01-10_22-09-17 100.0 0.1 515882
2018-01-10_22-09-18 100.0 0.1 515882
2018-01-10_22-09-18 100.0 0.1 515882
2018-01-10_22-09-19 100.0 0.1 515882
2018-01-10_22-09-20 100.0 0.1 515882
2018-01-10_22-09-20 100.0 0.1 515882
2018-01-10_22-09-21 93.3 0.1 515882
2018-01-10_22-09-22 100.0 0.1 515882
2018-01-10_22-09-22 93.3 0.1 515882
2018-01-10_22-09-23 93.3 0.1 515882
2018-01-10_22-09-24 100.0 0.2 515882
2018-01-10_22-09-24 100.0 0.2 515882
2018-01-10_22-09-25 100.0 0.2 515882
2018-01-10_22-09-26 93.3 0.2 515882
2018-01-10_22-09-26 87.5 0.2 515882
2018-01-10_22-09-27 73.3 0.2 515882
2018-01-10_22-09-28 93.3 0.3 515882
2018-01-10_22-09-28 100.0 0.6 515882
2018-01-10_22-09-29 113.3 0.6 515882
2018-01-10_22-09-30 106.7 0.6 515882
2018-01-10_22-09-30 106.7 0.6 515882
2018-01-10_22-09-31 100.0 0.6 515882
2018-01-10_22-09-32 93.8 0.6 515882
2018-01-10_22-09-32 106.7 0.7 515882
2018-01-10_22-09-33 106.7 0.7 515882
2018-01-10_22-09-34 106.2 0.7 515882
2018-01-10_22-09-34 33.3 0.7 515882
2018-01-10_22-09-35 140.0 0.8 515882
2018-01-10_22-09-36 106.7 0.8 515882
2018-01-10_22-09-36 106.7 0.8 515882
2018-01-10_22-09-37 113.3 0.8 515882
2018-01-10_22-09-38 106.7 0.8 515882
2018-01-10_22-09-38 120.0 0.8 515882
2018-01-10_22-09-39 146.7 0.9 515882
2018-01-10_22-09-40 66.7 1.0 515882
2018-01-10_22-09-41 4473 1.1 515882
2018-01-10_22-09-41 140.0 1.2 515882
2018-01-10_22-09-42 106.7 1.2 515882
2018-01-10_22-09-43 106.7 1.2 515882
2018-01-10_22-09-43 100.0 1.2 515882
2018-01-10_22-09-44 113.3 1.2 515882
2018-01-10_22-09-45 106.7 1.2 515882
2018-01-10_22-09-45 106.7 1.2 515882
2018-01-10_22-09-46 113.3 1.2 515882
2018-01-10_22-09-47 113.3 1.2 515882
2018-01-10_22-09-47 2687 1.2 515882
2018-01-10_22-09-48 253.3 1.4 515882
2018-01-10_22-09-49 153.3 1.5 515882
2018-01-10_22-09-49 406.7 1.5 515882
2018-01-10_22-09-50 406.7 1.5 515882
2018-01-10_22-09-51 133.3 1.6 515882
2018-01-10_22-09-51 513.3 1.7 515882
2018-01-10_22-09-52 433.3 1.7 515882
2018-01-10_22-09-53 406.7 1.7 515882
2018-01-10_22-09-53 2331 1.7 515882
2018-01-10_22-09-54 873.3 1.7 515882
2018-01-10_22-09-55 2607 1.8 515882
2018-01-10_22-09-55 4160 1.8 515882
2018-01-10_22-09-56 160.0 1.8 515882
2018-01-10_22-09-57 113.3 1.8 515882
2018-01-10_22-09-58 2327 1.8 515882
2018-01-10_22-09-58 3720 1.8 515882
2018-01-10_22-09-59 466.7 1.8 515882
2018-01-10_22-10-00 120.0 1.8 515882
2018-01-10_22-10-00 2893 1.8 515882
2018-01-10_22-10-01 4560 1.8 515882
2018-01-10_22-10-02 133.3 1.8 515882
2018-01-10_22-10-02 126.7 1.8 515882
2018-01-10_22-10-03 3413 1.8 515882
2018-01-10_22-10-04 2144 1.8 515882
2018-01-10_22-10-04 180.0 1.8 515882
2018-01-10_22-10-05 280.0 1.8 515882
2018-01-10_22-10-06 4047 1.8 515882
2018-01-10_22-10-07 1940 1.8 515882
2018-01-10_22-10-07 162.5 1.8 515882
2018-01-10_22-10-08 560.0 1.8 515882
2018-01-10_22-10-09 4940 1.8 515882
2018-01-10_22-10-09 843.8 1.8 515882
2018-01-10_22-10-10 153.3 1.8 515882
2018-01-10_22-10-11 560.0 1.8 515882
2018-01-10_22-10-11 4275 1.8 515882
2018-01-10_22-10-12 206.7 1.8 515882
2018-01-10_22-10-13 100.0 1.8 515882
2018-01-10_22-10-13 2847 1.8 515882
2018-01-10_22-10-14 2853 1.8 515882
2018-01-10_22-10-15 140.0 1.8 515882
2018-01-10_22-10-16 620.0 1.8 515882
2018-01-10_22-10-16 4688 1.8 515882
2018-01-10_22-10-17 126.7 1.8 515882
2018-01-10_22-10-18 113.3 1.8 515882
2018-01-10_22-10-18 4580 1.8 515882
2018-01-10_22-10-19 1113 1.8 515882
2018-01-10_22-10-20 173.3 1.8 515882
2018-01-10_22-10-20 526.7 1.8 515882
2018-01-10_22-10-21 4740 1.8 515882
2018-01-10_22-10-22 1193 1.8 515882
2018-01-10_22-10-23 146.7 1.8 515882
2018-01-10_22-10-23 633.3 1.9 515882
2018-01-10_22-10-24 4567 1.9 515882
2018-01-10_22-10-25 993.8 1.9 515882
2018-01-10_22-10-25 66.7 1.9 515882
2018-01-10_22-10-26 2660 1.9 515882
2018-01-10_22-10-27 3900 1.9 515882
2018-01-10_22-10-27 413.3 1.9 515882
2018-01-10_22-10-28 126.7 1.9 515882
2018-01-10_22-10-29 4787 1.9 515882
2018-01-10_22-10-29 686.7 1.9 515882
2018-01-10_22-10-30 125.0 1.9 515882
2018-01-10_22-10-31 1827 1.9 515882
2018-01-10_22-10-32 3344 1.9 515882
2018-01-10_22-10-32 133.3 1.9 515882
2018-01-10_22-10-33 126.7 1.9 515882
2018-01-10_22-10-34 3127 1.9 515882
2018-01-10_22-10-34 1662 1.9 515882
2018-01-10_22-10-35 80.0 1.9 515882
2018-01-10_22-10-36 1213 1.9 515882
2018-01-10_22-10-36 3060 1.9 515882
2018-01-10_22-10-37 133.3 1.9 515882
2018-01-10_22-10-38 173.3 1.9 515882
2018-01-10_22-10-38 4367 1.9 515882
2018-01-10_22-10-39 1281 1.9 515882
2018-01-10_22-10-40 120.0 1.9 515882
2018-01-10_22-10-40 662.5 1.9 515882
2018-01-10_22-10-41 5020 1.9 515882
2018-01-10_22-10-42 500.0 1.9 515882
2018-01-10_22-10-43 140.0 1.9 515882
2018-01-10_22-10-43 2667 1.9 515882
2018-01-10_22-10-44 4180 1.9 515882
2018-01-10_22-10-45 133.3 1.9 515882
2018-01-10_22-10-45 406.2 1.9 515882
2018-01-10_22-10-46 4760 1.9 515882
2018-01-10_22-10-47 1187 1.9 515882
2018-01-10_22-10-47 153.3 1.9 515882
2018-01-10_22-10-48 900.0 1.9 515882
2018-01-10_22-10-49 4373 1.9 515882
2018-01-10_22-10-50 1920 1.9 515882
2018-01-10_22-10-50 140.0 1.9 515882
2018-01-10_22-10-51 3180 1.9 515882
2018-01-10_22-10-52 2800 1.9 515882
2018-01-10_22-10-52 126.7 1.9 515882
2018-01-10_22-10-53 106.7 1.9 515882
2018-01-10_22-10-54 106.2 1.9 515882
2018-01-10_22-10-54 100.0 1.5 515882
2018-01-10_22-10-55 100.0 1.5 515882
2018-01-10_22-10-56 93.3 0.0 515882
2018-01-10_22-10-56 80.0 0.0 515882
