2018-01-10_22-10-58 206.7 0.0 515882
2018-01-10_22-10-58 73.3 0.0 515882
2018-01-10_22-10-59 93.8 0.0 515882
2018-01-10_22-11-00 100.0 0.0 515882
2018-01-10_22-11-00 100.0 0.0 515882
2018-01-10_22-11-01 93.3 0.0 515882
2018-01-10_22-11-02 100.0 0.0 515882
2018-01-10_22-11-02 100.0 0.0 515882
2018-01-10_22-11-03 100.0 0.0 515882
2018-01-10_22-11-04 100.0 0.1 515882
2018-01-10_22-11-04 100.0 0.1 515882
2018-01-10_22-11-05 93.3 0.1 515882
2018-01-10_22-11-06 100.0 0.1 515882
2018-01-10_22-11-06 100.0 0.1 515882
2018-01-10_22-11-07 100.0 0.1 515882
2018-01-10_22-11-08 100.0 0.1 515882
2018-01-10_22-11-08 100.0 0.1 515882
2018-01-10_22-11-09 93.3 0.1 515882
2018-01-10_22-11-10 100.0 0.1 515882
2018-01-10_22-11-10 100.0 0.1 515882
2018-01-10_22-11-11 100.0 0.1 515882
2018-01-10_22-11-12 100.0 0.1 515882
2018-01-10_22-11-12 100.0 0.1 515882
2018-01-10_22-11-13 100.0 0.1 515882
2018-01-10_22-11-14 100.0 0.1 515882
2018-01-10_22-11-14 100.0 0.1 515882
2018-01-10_22-11-15 100.0 0.1 515882
2018-01-10_22-11-16 100.0 0.1 515882
2018-01-10_22-11-16 100.0 0.1 515882
2018-01-10_22-11-17 100.0 0.1 515882
2018-01-10_22-11-18 100.0 0.1 515882
2018-01-10_22-11-18 100.0 0.1 515882
2018-01-10_22-11-19 100.0 0.1 515882
2018-01-10_22-11-20 100.0 0.1 515882
2018-01-10_22-11-20 100.0 0.1 515882
2018-01-10_22-11-21 100.0 0.1 515882
2018-01-10_22-11-22 93.3 0.1 515882
2018-01-10_22-11-22 100.0 0.1 515882
2018-01-10_22-11-23 100.0 0.1 515882
2018-01-10_22-11-24 100.0 0.1 515882
2018-01-10_22-11-24 100.0 0.1 515882
2018-01-10_22-11-25 100.0 0.1 515882
2018-01-10_22-11-26 100.0 0.1 515882
2018-01-10_22-11-26 100.0 0.1 515882
2018-01-10_22-11-27 100.0 0.1 515882
2018-01-10_22-11-28 100.0 0.1 515882
2018-01-10_22-11-28 100.0 0.1 515882
2018-01-10_22-11-29 100.0 0.2 515882
2018-01-10_22-11-30 100.0 0.2 515882
2018-01-10_22-11-30 100.0 0.2 515882
2018-01-10_22-11-31 100.0 0.2 515882
2018-01-10_22-11-32 100.0 0.2 515882
2018-01-10_22-11-32 100.0 0.2 515882
2018-01-10_22-11-33 93.3 0.2 515882
2018-01-10_22-11-34 100.0 0.2 515882
2018-01-10_22-11-35 93.3 0.2 515882
2018-01-10_22-11-35 100.0 0.2 515882
2018-01-10_22-11-36 93.8 0.2 515882
2018-01-10_22-11-37 100.0 0.2 515882
2018-01-10_22-11-37 93.3 0.2 515882
2018-01-10_22-11-38 100.0 0.2 515882
2018-01-10_22-11-39 100.0 0.2 515882
2018-01-10_22-11-39 100.0 0.2 515882
2018-01-10_22-11-40 100.0 0.2 515882
2018-01-10_22-11-41 100.0 0.2 515882
2018-01-10_22-11-41 100.0 0.2 515882
2018-01-10_22-11-42 100.0 0.2 515882
2018-01-10_22-11-43 93.3 0.2 515882
2018-01-10_22-11-43 100.0 0.2 515882
2018-01-10_22-11-44 93.3 0.2 515882
2018-01-10_22-11-45 100.0 0.2 515882
2018-01-10_22-11-45 93.3 0.2 515882
2018-01-10_22-11-46 100.0 0.2 515882
2018-01-10_22-11-47 100.0 0.2 515882
2018-01-10_22-11-47 93.3 0.2 515882
2018-01-10_22-11-48 93.3 0.2 515882
2018-01-10_22-11-49 100.0 0.2 515882
2018-01-10_22-11-49 93.3 0.2 515882
2018-01-10_22-11-50 100.0 0.2 515882
2018-01-10_22-11-51 100.0 0.2 515882
2018-01-10_22-11-51 93.3 0.2 515882
2018-01-10_22-11-52 100.0 0.3 515882
2018-01-10_22-11-53 100.0 0.3 515882
2018-01-10_22-11-53 100.0 0.3 515882
2018-01-10_22-11-54 93.3 0.3 515882
2018-01-10_22-11-55 100.0 0.3 515882
2018-01-10_22-11-55 100.0 0.3 515882
2018-01-10_22-11-56 100.0 0.3 515882
2018-01-10_22-11-57 93.3 0.4 515882
2018-01-10_22-11-57 100.0 0.4 515882
2018-01-10_22-11-58 100.0 0.4 515882
2018-01-10_22-11-59 86.7 0.4 515882
2018-01-10_22-11-59 75.0 0.4 515882
2018-01-10_22-12-00 81.2 0.4 515882
2018-01-10_22-12-01 87.5 0.4 515882
2018-01-10_22-12-01 93.3 0.4 515882
2018-01-10_22-12-02 86.7 0.5 515882
2018-01-10_22-12-03 100.0 0.7 515882
2018-01-10_22-12-04 106.7 1.0 515882
2018-01-10_22-12-04 106.7 1.2 515882
2018-01-10_22-12-05 113.3 1.2 515882
2018-01-10_22-12-06 113.3 1.2 515882
2018-01-10_22-12-06 120.0 1.2 515882
2018-01-10_22-12-07 106.7 1.2 515882
2018-01-10_22-12-08 113.3 1.2 515882
2018-01-10_22-12-08 106.7 1.3 515882
2018-01-10_22-12-09 106.7 1.3 515882
2018-01-10_22-12-10 113.3 1.3 515882
2018-01-10_22-12-10 113.3 1.3 515882
2018-01-10_22-12-11 113.3 1.3 515882
2018-01-10_22-12-12 113.3 1.3 515882
2018-01-10_22-12-12 113.3 1.4 515882
2018-01-10_22-12-13 120.0 1.4 515882
2018-01-10_22-12-14 113.3 1.3 515882
2018-01-10_22-12-14 126.7 1.3 515882
2018-01-10_22-12-15 66.7 1.3 515882
2018-01-10_22-12-16 13.3 1.4 515882
2018-01-10_22-12-16 160.0 1.5 515882
2018-01-10_22-12-17 131.2 1.6 515882
2018-01-10_22-12-18 113.3 1.6 515882
2018-01-10_22-12-18 120.0 1.6 515882
2018-01-10_22-12-19 113.3 1.6 515882
2018-01-10_22-12-20 113.3 1.6 515882
2018-01-10_22-12-20 113.3 1.6 515882
2018-01-10_22-12-21 113.3 1.6 515882
2018-01-10_22-12-22 113.3 1.6 515882
2018-01-10_22-12-22 113.3 1.6 515882
2018-01-10_22-12-23 113.3 1.6 515882
2018-01-10_22-12-24 113.3 1.6 515882
2018-01-10_22-12-24 113.3 1.6 515882
2018-01-10_22-12-25 180.0 1.6 515882
2018-01-10_22-12-26 206.7 1.7 515882
2018-01-10_22-12-26 73.3 1.9 515882
2018-01-10_22-12-27 1827 2.0 515882
2018-01-10_22-12-28 1747 2.1 515882
2018-01-10_22-12-29 113.3 2.1 515882
2018-01-10_22-12-29 106.7 2.1 515882
2018-01-10_22-12-30 126.7 2.1 515882
2018-01-10_22-12-31 120.0 2.1 515882
2018-01-10_22-12-31 113.3 2.1 515882
2018-01-10_22-12-32 113.3 2.1 515882
2018-01-10_22-12-33 113.3 2.1 515882
2018-01-10_22-12-33 113.3 2.1 515882
2018-01-10_22-12-34 113.3 2.1 515882
2018-01-10_22-12-35 113.3 2.1 515882
2018-01-10_22-12-35 373.3 2.1 515882
2018-01-10_22-12-36 126.7 2.1 515882
2018-01-10_22-12-37 120.0 2.1 515882
2018-01-10_22-12-37 106.7 2.1 515882
2018-01-10_22-12-38 106.7 2.1 515882
2018-01-10_22-12-39 133.3 2.1 515882
2018-01-10_22-12-39 113.3 2.1 515882
2018-01-10_22-12-40 113.3 2.1 515882
2018-01-10_22-12-41 113.3 2.1 515882
2018-01-10_22-12-41 120.0 2.1 515882
2018-01-10_22-12-42 113.3 2.1 515882
2018-01-10_22-12-43 340.0 2.1 515882
2018-01-10_22-12-43 260.0 2.2 515882
2018-01-10_22-12-44 173.3 2.3 515882
2018-01-10_22-12-45 150.0 2.5 515882
2018-01-10_22-12-45 166.7 2.6 515882
2018-01-10_22-12-46 160.0 2.7 515882
2018-01-10_22-12-47 826.7 2.8 515882
2018-01-10_22-12-47 820.0 2.8 515882
2018-01-10_22-12-48 153.3 2.9 515882
2018-01-10_22-12-49 166.7 3.0 515882
2018-01-10_22-12-49 886.7 3.0 515882
2018-01-10_22-12-50 1067 3.0 515882
2018-01-10_22-12-51 813.3 3.0 515882
2018-01-10_22-12-51 4407 3.0 515882
2018-01-10_22-12-52 5127 3.0 515882
2018-01-10_22-12-53 4831 3.0 515882
2018-01-10_22-12-54 4525 3.0 515882
2018-01-10_22-12-54 2673 3.0 515882
2018-01-10_22-12-55 4827 3.1 515882
2018-01-10_22-12-56 4713 3.1 515882
2018-01-10_22-12-56 4762 3.1 515882
2018-01-10_22-12-57 4867 3.1 515882
2018-01-10_22-12-58 3353 3.1 515882
2018-01-10_22-12-58 1040 3.1 515882
2018-01-10_22-12-59 2040 3.1 515882
2018-01-10_22-13-00 353.3 3.1 515882
2018-01-10_22-13-01 500.0 3.1 515882
2018-01-10_22-13-01 393.3 3.1 515882
2018-01-10_22-13-02 2269 3.1 515882
2018-01-10_22-13-03 2473 3.1 515882
2018-01-10_22-13-03 3913 3.1 515882
2018-01-10_22-13-04 5060 3.1 515882
2018-01-10_22-13-05 5080 3.1 515882
2018-01-10_22-13-05 4913 3.1 515882
2018-01-10_22-13-06 3493 3.1 515882
2018-01-10_22-13-07 4060 3.1 515882
2018-01-10_22-13-08 2675 3.1 515882
2018-01-10_22-13-08 1347 3.1 515882
2018-01-10_22-13-09 753.3 3.1 515882
2018-01-10_22-13-10 1373 3.1 515882
2018-01-10_22-13-10 2027 3.1 515882
2018-01-10_22-13-11 3012 3.1 515882
2018-01-10_22-13-12 5080 3.1 515882
2018-01-10_22-13-12 2973 3.1 515882
2018-01-10_22-13-13 4420 3.3 515882
2018-01-10_22-13-14 4860 3.3 515882
2018-01-10_22-13-15 2120 3.3 515882
2018-01-10_22-13-15 2780 3.3 515882
2018-01-10_22-13-16 2880 3.3 515882
2018-01-10_22-13-17 2527 3.3 515882
2018-01-10_22-13-17 3062 3.3 515882
2018-01-10_22-13-18 5073 3.3 515882
2018-01-10_22-13-19 5160 3.3 515882
2018-01-10_22-13-20 4773 3.3 515882
2018-01-10_22-13-20 4087 3.3 515882
2018-01-10_22-13-21 2927 3.3 515882
2018-01-10_22-13-22 2027 3.3 515882
2018-01-10_22-13-22 3653 3.3 515882
2018-01-10_22-13-23 4500 3.3 515882
2018-01-10_22-13-24 4873 3.3 515882
2018-01-10_22-13-24 5107 3.3 515882
2018-01-10_22-13-25 5187 3.3 515882
2018-01-10_22-13-26 3493 3.3 515882
2018-01-10_22-13-27 1556 3.3 515882
2018-01-10_22-13-27 700.0 3.3 515882
2018-01-10_22-13-28 3567 3.3 515882
2018-01-10_22-13-29 3600 3.3 515882
2018-01-10_22-13-29 4180 3.3 515882
2018-01-10_22-13-30 4727 3.3 515882
2018-01-10_22-13-31 3327 3.3 515882
2018-01-10_22-13-32 4360 3.3 515882
2018-01-10_22-13-32 3380 3.3 515882
2018-01-10_22-13-33 4219 3.3 515882
2018-01-10_22-13-34 420.0 3.3 515882
2018-01-10_22-13-34 1467 3.3 515882
2018-01-10_22-13-35 4940 3.3 515882
2018-01-10_22-13-36 4820 3.3 515882
2018-01-10_22-13-36 4800 3.3 515882
2018-01-10_22-13-37 966.7 3.3 515882
2018-01-10_22-13-38 2162 3.3 515882
2018-01-10_22-13-39 560.0 3.3 515882
2018-01-10_22-13-39 860.0 3.3 515882
2018-01-10_22-13-40 2881 3.3 515882
2018-01-10_22-13-41 1807 3.3 515882
2018-01-10_22-13-41 3813 3.3 515882
2018-01-10_22-13-42 4667 3.3 515882
2018-01-10_22-13-43 5013 3.3 515882
2018-01-10_22-13-43 4747 3.3 515882
2018-01-10_22-13-44 2825 3.3 515882
2018-01-10_22-13-45 2307 3.3 515882
2018-01-10_22-13-46 2327 3.3 515882
2018-01-10_22-13-46 4400 3.3 515882
2018-01-10_22-13-47 3933 3.3 515882
2018-01-10_22-13-48 2600 3.3 515882
2018-01-10_22-13-48 3580 3.3 515882
2018-01-10_22-13-49 1720 3.3 515882
2018-01-10_22-13-50 1060 3.3 515882
2018-01-10_22-13-50 266.7 3.3 515882
2018-01-10_22-13-51 1520 3.3 515882
2018-01-10_22-13-52 1360 3.3 515882
2018-01-10_22-13-52 4450 3.3 515882
2018-01-10_22-13-53 4769 3.3 515882
2018-01-10_22-13-54 5133 3.3 515882
2018-01-10_22-13-55 5127 3.3 515882
2018-01-10_22-13-55 3113 3.4 515882
2018-01-10_22-13-56 3633 3.4 515882
2018-01-10_22-13-57 2407 3.4 515882
2018-01-10_22-13-57 1247 3.4 515882
2018-01-10_22-13-58 1300 3.4 515882
2018-01-10_22-13-59 3706 3.4 515882
2018-01-10_22-14-00 4900 3.4 515882
2018-01-10_22-14-00 5180 3.4 515882
2018-01-10_22-14-01 4812 3.4 515882
2018-01-10_22-14-02 5107 3.4 515882
2018-01-10_22-14-02 120.0 3.4 515882
2018-01-10_22-14-03 113.3 3.4 515882
2018-01-10_22-14-04 125.0 3.4 515882
2018-01-10_22-14-04 120.0 3.3 515882
2018-01-10_22-14-05 106.7 3.3 515882
2018-01-10_22-14-06 100.0 3.3 515882
2018-01-10_22-14-06 93.3 3.2 515882
2018-01-10_22-14-07 100.0 3.2 515882
2018-01-10_22-14-08 86.7 3.1 515882
2018-01-10_22-14-08 86.7 0.0 515882
2018-01-10_22-14-09 68.8 0.0 515882
2018-01-10_22-14-10 62.5 0.0 515882
2018-01-10_22-14-11 93.3 0.0 515882
