2018-01-10_22-07-10 40.0 0.0 515882
2018-01-10_22-07-11 73.3 0.0 515882
2018-01-10_22-07-11 100.0 0.0 515882
2018-01-10_22-07-12 100.0 0.0 515882
2018-01-10_22-07-13 100.0 0.0 515882
2018-01-10_22-07-13 93.3 0.0 515882
2018-01-10_22-07-14 100.0 0.0 515882
2018-01-10_22-07-15 100.0 0.0 515882
2018-01-10_22-07-15 100.0 0.0 515882
2018-01-10_22-07-16 100.0 0.1 515882
2018-01-10_22-07-17 100.0 0.1 515882
2018-01-10_22-07-17 93.3 0.1 515882
2018-01-10_22-07-18 100.0 0.1 515882
2018-01-10_22-07-19 93.3 0.1 515882
2018-01-10_22-07-19 93.8 0.1 515882
2018-01-10_22-07-20 93.3 0.1 515882
2018-01-10_22-07-21 100.0 0.1 515882
2018-01-10_22-07-21 93.8 0.1 515882
2018-01-10_22-07-22 100.0 0.1 515882
2018-01-10_22-07-23 93.3 0.1 515882
2018-01-10_22-07-23 100.0 0.1 515882
2018-01-10_22-07-24 100.0 0.1 515882
2018-01-10_22-07-25 100.0 0.1 515882
2018-01-10_22-07-25 100.0 0.1 515882
2018-01-10_22-07-26 73.3 0.1 515882
2018-01-10_22-07-27 68.8 0.1 515882
2018-01-10_22-07-28 113.3 0.3 515882
2018-01-10_22-07-28 100.0 0.3 515882
2018-01-10_22-07-29 106.7 0.3 515882
2018-01-10_22-07-30 100.0 0.4 515882
2018-01-10_22-07-30 46.7 0.4 515882
2018-01-10_22-07-31 40.0 0.4 515882
2018-01-10_22-07-32 100.0 0.4 515882
2018-01-10_22-07-32 100.0 0.4 515882
2018-01-10_22-07-33 93.3 0.5 515882
2018-01-10_22-07-34 66.7 0.6 515882
2018-01-10_22-07-34 3356 0.7 515882
2018-01-10_22-07-35 160.0 0.8 515882
2018-01-10_22-07-36 668.8 0.8 515882
2018-01-10_22-07-36 100.0 0.8 515882
2018-01-10_22-07-37 106.7 0.8 515882
2018-01-10_22-07-38 100.0 0.9 515882
2018-01-10_22-07-38 113.3 1.0 515882
2018-01-10_22-07-39 206.7 1.0 515882
2018-01-10_22-07-40 160.0 1.0 515882
2018-01-10_22-07-40 262.5 1.1 515882
2018-01-10_22-07-41 213.3 1.1 515882
2018-01-10_22-07-42 206.7 1.1 515882
2018-01-10_22-07-42 3340 1.1 515882
2018-01-10_22-07-43 80.0 1.1 515882
2018-01-10_22-07-44 1100 1.1 515882
2018-01-10_22-07-44 112.5 1.1 515882
2018-01-10_22-07-45 60.0 1.1 515882
2018-01-10_22-07-46 2933 1.1 515882
2018-01-10_22-07-46 66.7 1.1 515882
2018-01-10_22-07-47 60.0 1.1 515882
2018-01-10_22-07-48 2840 1.1 515882
2018-01-10_22-07-49 66.7 1.1 515882
2018-01-10_22-07-49 106.7 1.1 515882
2018-01-10_22-07-50 646.7 1.1 515882
2018-01-10_22-07-51 33.3 1.1 515882
2018-01-10_22-07-51 1573 1.1 515882
2018-01-10_22-07-52 86.7 1.1 515882
2018-01-10_22-07-53 60.0 1.1 515882
2018-01-10_22-07-53 2800 1.1 515882
2018-01-10_22-07-54 66.7 1.1 515882
2018-01-10_22-07-55 56.2 1.1 515882
2018-01-10_22-07-55 2553 1.1 515882
2018-01-10_22-07-56 93.3 1.1 515882
2018-01-10_22-07-57 306.7 1.1 515882
2018-01-10_22-07-57 266.7 1.1 515882
2018-01-10_22-07-58 60.0 1.1 515882
2018-01-10_22-07-59 2947 1.1 515882
2018-01-10_22-07-59 86.7 1.1 515882
2018-01-10_22-08-00 186.7 1.1 515882
2018-01-10_22-08-01 573.3 1.1 515882
2018-01-10_22-08-01 62.5 1.1 515882
2018-01-10_22-08-02 2040 1.1 515882
2018-01-10_22-08-03 53.3 1.1 515882
2018-01-10_22-08-04 233.3 1.1 515882
2018-01-10_22-08-04 586.7 1.1 515882
2018-01-10_22-08-05 33.3 1.1 515882
2018-01-10_22-08-06 2867 1.1 515882
2018-01-10_22-08-06 66.7 1.1 515882
2018-01-10_22-08-07 66.7 1.1 515882
2018-01-10_22-08-08 3193 1.1 515882
2018-01-10_22-08-08 53.3 1.1 515882
2018-01-10_22-08-09 560.0 1.1 515882
2018-01-10_22-08-10 266.7 1.1 515882
2018-01-10_22-08-10 73.3 1.1 515882
2018-01-10_22-08-11 3047 1.1 515882
2018-01-10_22-08-12 146.7 1.1 515882
2018-01-10_22-08-12 393.8 1.1 515882
2018-01-10_22-08-13 1880 1.1 515882
2018-01-10_22-08-14 73.3 1.1 515882
2018-01-10_22-08-14 2080 1.1 515882
2018-01-10_22-08-15 73.3 1.1 515882
2018-01-10_22-08-16 206.7 1.1 515882
2018-01-10_22-08-16 953.3 1.1 515882
2018-01-10_22-08-17 66.7 1.1 515882
2018-01-10_22-08-18 2047 1.1 515882
2018-01-10_22-08-19 80.0 1.1 515882
2018-01-10_22-08-19 420.0 1.1 515882
2018-01-10_22-08-20 1320 1.1 515882
2018-01-10_22-08-21 46.7 1.1 515882
2018-01-10_22-08-21 3040 1.1 515882
2018-01-10_22-08-22 60.0 1.1 515882
2018-01-10_22-08-23 1533 1.1 515882
2018-01-10_22-08-23 193.8 1.1 515882
2018-01-10_22-08-24 26.7 1.1 515882
2018-01-10_22-08-25 2300 1.1 515882
2018-01-10_22-08-25 73.3 1.1 515882
2018-01-10_22-08-26 1260 1.1 515882
2018-01-10_22-08-27 320.0 1.1 515882
2018-01-10_22-08-27 66.7 1.1 515882
2018-01-10_22-08-28 2800 1.1 515882
2018-01-10_22-08-29 86.7 1.1 515882
2018-01-10_22-08-29 60.0 1.1 515882
2018-01-10_22-08-30 380.0 1.1 515882
2018-01-10_22-08-31 60.0 1.1 515882
2018-01-10_22-08-32 2106 1.1 515882
2018-01-10_22-08-32 60.0 1.1 515882
2018-01-10_22-08-33 266.7 1.1 515882
2018-01-10_22-08-34 1293 1.1 515882
2018-01-10_22-08-34 73.3 1.1 515882
2018-01-10_22-08-35 2780 1.1 515882
2018-01-10_22-08-36 68.8 1.1 515882
2018-01-10_22-08-36 100.0 1.1 515882
2018-01-10_22-08-37 100.0 0.8 515882
2018-01-10_22-08-38 93.3 0.0 515882
