2018-01-10_22-06-00 46.7 0.0 515882
2018-01-10_22-06-00 73.3 0.0 515882
2018-01-10_22-06-01 93.3 0.0 515882
2018-01-10_22-06-02 100.0 0.0 515882
2018-01-10_22-06-02 100.0 0.0 515882
2018-01-10_22-06-03 100.0 0.0 515882
2018-01-10_22-06-04 100.0 0.0 515882
2018-01-10_22-06-04 93.3 0.0 515882
2018-01-10_22-06-05 100.0 0.0 515882
2018-01-10_22-06-06 100.0 0.1 515882
2018-01-10_22-06-06 100.0 0.1 515882
2018-01-10_22-06-07 100.0 0.1 515882
2018-01-10_22-06-08 100.0 0.1 515882
2018-01-10_22-06-08 93.3 0.1 515882
2018-01-10_22-06-09 100.0 0.2 515882
2018-01-10_22-06-10 106.7 0.2 515882
2018-01-10_22-06-10 40.0 0.2 515882
2018-01-10_22-06-11 100.0 0.3 515882
2018-01-10_22-06-12 73.3 0.3 515882
2018-01-10_22-06-13 73.3 0.4 515882
2018-01-10_22-06-13 1275 0.6 515882
2018-01-10_22-06-14 153.3 0.6 515882
2018-01-10_22-06-15 100.0 0.6 515882
2018-01-10_22-06-15 86.7 0.7 515882
2018-01-10_22-06-16 100.0 0.7 515882
2018-01-10_22-06-17 106.7 0.7 515882
2018-01-10_22-06-17 133.3 0.8 515882
2018-01-10_22-06-18 106.7 0.8 515882
2018-01-10_22-06-19 106.2 0.8 515882
2018-01-10_22-06-19 1267 0.8 515882
2018-01-10_22-06-20 20.0 0.8 515882
2018-01-10_22-06-21 100.0 0.8 515882
2018-01-10_22-06-21 13.3 0.8 515882
2018-01-10_22-06-22 60.0 0.8 515882
2018-01-10_22-06-23 18.8 0.8 515882
2018-01-10_22-06-23 33.3 0.8 515882
2018-01-10_22-06-24 587.5 0.8 515882
2018-01-10_22-06-25 20.0 0.8 515882
2018-01-10_22-06-25 1247 0.8 515882
2018-01-10_22-06-26 33.3 0.8 515882
2018-01-10_22-06-27 1373 0.8 515882
2018-01-10_22-06-27 33.3 0.8 515882
2018-01-10_22-06-28 1588 0.8 515882
2018-01-10_22-06-29 20.0 0.8 515882
2018-01-10_22-06-29 1600 0.8 515882
2018-01-10_22-06-30 33.3 0.8 515882
2018-01-10_22-06-31 1547 0.8 515882
2018-01-10_22-06-32 20.0 0.8 515882
2018-01-10_22-06-32 1593 0.8 515882
2018-01-10_22-06-33 26.7 0.8 515882
2018-01-10_22-06-34 1780 0.8 515882
2018-01-10_22-06-34 26.7 0.8 515882
2018-01-10_22-06-35 1547 0.8 515882
2018-01-10_22-06-36 20.0 0.8 515882
2018-01-10_22-06-36 1567 0.8 515882
2018-01-10_22-06-37 26.7 0.8 515882
2018-01-10_22-06-38 1653 0.8 515882
2018-01-10_22-06-38 20.0 0.8 515882
2018-01-10_22-06-39 1567 0.8 515882
2018-01-10_22-06-40 13.3 0.8 515882
2018-01-10_22-06-40 1767 0.8 515882
2018-01-10_22-06-41 26.7 0.8 515882
2018-01-10_22-06-42 1693 0.8 515882
2018-01-10_22-06-42 20.0 0.8 515882
2018-01-10_22-06-43 1713 0.8 515882
2018-01-10_22-06-44 33.3 0.8 515882
2018-01-10_22-06-44 1940 0.8 515882
2018-01-10_22-06-45 13.3 0.8 515882
2018-01-10_22-06-46 1713 0.8 515882
2018-01-10_22-06-46 18.8 0.8 515882
2018-01-10_22-06-47 1613 0.8 515882
2018-01-10_22-06-48 26.7 0.8 515882
2018-01-10_22-06-48 1647 0.8 515882
2018-01-10_22-06-49 20.0 0.8 515882
2018-01-10_22-06-50 1873 0.8 515882
2018-01-10_22-06-50 20.0 0.8 515882
2018-01-10_22-06-51 1753 0.8 515882
2018-01-10_22-06-52 20.0 0.8 515882
2018-01-10_22-06-52 1640 0.8 515882
2018-01-10_22-06-53 13.3 0.8 515882
2018-01-10_22-06-54 1873 0.8 515882
2018-01-10_22-06-54 18.8 0.8 515882
2018-01-10_22-06-55 1667 0.8 515882
2018-01-10_22-06-56 13.3 0.8 515882
2018-01-10_22-06-56 1847 0.8 515882
2018-01-10_22-06-57 13.3 0.8 515882
2018-01-10_22-06-58 1627 0.8 515882
2018-01-10_22-06-58 20.0 0.8 515882
2018-01-10_22-06-59 1767 0.8 515882
2018-01-10_22-07-00 20.0 0.8 515882
2018-01-10_22-07-00 1747 0.8 515882
2018-01-10_22-07-01 26.7 0.8 515882
2018-01-10_22-07-02 1700 0.8 515882
2018-01-10_22-07-03 20.0 0.8 515882
2018-01-10_22-07-03 1800 0.8 515882
2018-01-10_22-07-04 20.0 0.8 515882
2018-01-10_22-07-05 1700 0.8 515882
2018-01-10_22-07-05 26.7 0.8 515882
2018-01-10_22-07-06 1580 0.8 515882
2018-01-10_22-07-07 20.0 0.8 515882
2018-01-10_22-07-07 1340 0.8 515882
2018-01-10_22-07-08 13.3 0.8 515882
2018-01-10_22-07-09 100.0 0.5 515882
